-7.008682798113654 4.26354799574861 671.9049292239733 303.39479971890376
6.561623361341347 5.886084601770392 1112.1277984138137 295.8373255697219
8.921676606463947 -0.7515651501369405 1115.9065354884046 637.8130308201987
-7.156186125933814 -3.111618395259555 666.2368236120869 634.0342937456078
-7.229937789843902 1.9772464145360686 666.2368236120869 411.0888063447445
-8.262461084585041 -3.185370059169628 653.0112438510191 628.3661881337215
1.399006887635636 5.738581273950231 889.1823110129503 295.8373255697219
-6.049911167282588 5.074816298759501 705.9135628952918 295.8373255697219
-2.1410729800482784 5.369822954399822 792.8245156108824 297.72669410701735
-4.722381216901127 5.222319626579662 734.2540909547233 299.6160626443128
4.349073444038908 5.9598362656804795 985.5401064150183 297.72669410701735
-7.156186125933814 -0.7515651501369405 668.1261921493824 535.7871298062443
8.036656639542983 1.5347364310755864 1110.2384298765182 505.5572332095171
-6.7874278063834055 5.886084601770392 687.0198775223371 227.8200582270856
-7.672447773304384 5.664829610040158 632.228189940769 231.59879530167655
-4.13236790562047 -4.512900009551103 755.0371448649735 645.3705049693805
-1.1085496853071248 -5.397919976472082 849.505571729746 645.3705049693805
4.9390867553195505 -3.7753833704502853 976.0932637285414 643.4811364320851
6.8566300169816685 5.074816298759501 1112.1277984138137 322.2884850918582
8.405414959093378 0.4284614724243596 1102.6809557273364 577.3532376267442
4.9390867553195505 -10.118026466717296 477.299969882542 917.4395743399257
7.077885008711917 -5.471671640382155 896.7397851621322 817.3030418632667
7.520394992172399 -2.1528467644284888 1049.7786366830637 641.5917678947897
