0.000000 0.000000000 0.000000000 0.000000000 -0.000000000 -0.000000000 -0.000000000 1.000000000
0.000000 0.044829190 -0.013321191 0.056958146 -0.006803265 -0.012132460 -0.007879584 0.999872208
0.000000 0.046681300 -0.015262621 0.064126335 -0.006873480 -0.011514729 -0.008011275 0.999878049
0.000000 0.051216297 -0.021548329 0.077687003 -0.006903359 -0.011519559 -0.007771132 0.999879658
0.000000 0.053084493 -0.024197279 0.083811693 -0.006658636 -0.011736071 -0.007545021 0.999880493
0.000000 0.054806903 -0.027763668 0.091271468 -0.006584381 -0.011650522 -0.007231789 0.999884307
0.000000 0.064958923 -0.059957527 0.140033126 -0.007517976 -0.011374574 -0.007024508 0.999882400
0.000000 0.075338259 -0.081725687 0.174314991 -0.009436786 -0.011067569 -0.007109465 0.999868989
0.000000 0.080527090 -0.088561162 0.188904271 -0.009424882 -0.011554246 -0.007742669 0.999858856
0.000000 0.098021783 -0.105923153 0.224073514 -0.008840727 -0.010661723 -0.007268265 0.999877691
0.000000 0.105713502 -0.115023792 0.241322339 -0.009106917 -0.010808257 -0.007285615 0.999873579
0.000000 0.127641633 -0.144403502 0.279194444 -0.007075999 -0.008891821 -0.006566325 0.999913931
0.000000 0.171288103 -0.201265857 0.380860418 -0.007644342 -0.005010152 -0.004386480 0.999948621
0.000000 0.191995919 -0.230871812 0.432628036 -0.006208268 0.001173146 -0.001838936 0.999978364
0.000000 0.214992270 -0.269825846 0.488968730 -0.004749201 0.005306488 0.001141151 0.999974012
0.000000 0.243512914 -0.299415141 0.548122644 -0.005085054 0.008977057 0.004135887 0.999938250
0.000000 0.290044606 -0.349287570 0.627110004 -0.003332279 0.015097574 0.008661953 0.999843001
0.000000 0.305690676 -0.365304947 0.654687643 -0.002281502 0.020141369 0.011468777 0.999728799
0.000000 0.333115220 -0.392624795 0.705277324 -0.003822033 0.030012514 0.017622072 0.999386907
0.000000 0.347139388 -0.407337844 0.736804903 -0.003631708 0.038982697 0.022074688 0.998989403
0.000000 0.374511957 -0.447401106 0.799746454 -0.003499742 0.060662601 0.036148239 0.997497439
0.000000 0.389689893 -0.463621140 0.830832362 -0.002852533 0.072544970 0.041670356 0.996490180
0.000000 0.406932473 -0.480222970 0.858891964 -0.002031396 0.083486147 0.048262440 0.995337486
0.000000 0.427305430 -0.496901274 0.887764275 -0.001622113 0.095486179 0.054903992 0.993914187
0.000000 0.452102095 -0.511718988 0.919472754 -0.000910313 0.109170884 0.062081475 0.992082059
0.000000 0.478475362 -0.527023971 0.952459335 -0.000062167 0.124128938 0.070774212 0.989738882
0.000000 0.507262409 -0.546537936 0.983844459 -0.000819455 0.140011117 0.082518093 0.986705124
0.000000 0.543149710 -0.571035445 1.028942466 0.000945857 0.170074746 0.097101264 0.980634987
0.000000 0.572838545 -0.587680697 1.064864516 0.003013516 0.193793520 0.109739311 0.974880636
0.000000 0.606620431 -0.607351840 1.103178024 0.003985510 0.222928718 0.127600670 0.966439307
0.000000 0.633980989 -0.621524572 1.132228374 0.003745057 0.245411471 0.143483281 0.958734453
0.000000 0.658589900 -0.637208939 1.160652161 0.003229862 0.271567881 0.157154560 0.949496150
0.000000 0.702057481 -0.654466331 1.198818922 0.006139374 0.300484300 0.179776073 0.936670721
0.000000 0.728579402 -0.661436439 1.219033480 0.003699642 0.326266348 0.185645342 0.926861584
0.000000 0.756323993 -0.671079874 1.238810420 0.004447034 0.347442478 0.195262358 0.917135000
0.000000 0.775750935 -0.676295221 1.252634525 0.001146801 0.366149426 0.202213928 0.908318698
0.000000 0.795926929 -0.679527998 1.254195452 -0.005499644 0.387782931 0.210181564 0.897450745
0.000000 0.802142739 -0.677999854 1.255398512 -0.006713890 0.394978642 0.213880077 0.893421590
0.000000 0.808860660 -0.678210497 1.254617214 -0.008492672 0.402203709 0.217282265 0.889352858
0.000000 0.815834999 -0.677706063 1.253790617 -0.009534059 0.409301907 0.221031547 0.885170102
0.000000 0.838030577 -0.677181840 1.249559164 -0.013674363 0.430638671 0.231929943 0.872107685
0.000000 0.846766889 -0.677448094 1.247877836 -0.015388490 0.438610494 0.235090643 0.867246449
0.000000 0.855565488 -0.676538110 1.246582985 -0.016338719 0.445688367 0.238297433 0.862733662
0.000000 0.873074412 -0.673988104 1.242336035 -0.018216763 0.458768994 0.244272143 0.854125500
0.000000 0.891178489 -0.672401190 1.237326741 -0.019902688 0.470491022 0.249502614 0.846162260
0.000000 0.900316119 -0.671616793 1.234368682 -0.020822123 0.475676030 0.251963943 0.842503965
0.000000 0.909204721 -0.671585977 1.231648445 -0.021882664 0.480664581 0.254310399 0.838933229
0.000000 0.919006348 -0.671066165 1.229187846 -0.023334336 0.485717714 0.256391674 0.835342526
0.000000 0.937822461 -0.668596983 1.224584818 -0.024812175 0.494488835 0.260266036 0.828931093
0.000000 0.946895003 -0.667977095 1.222194195 -0.025452662 0.498234928 0.262187302 0.826058090
0.000000 0.981809616 -0.663963914 1.217910051 -0.025788285 0.507816017 0.267475992 0.818483114
0.000000 0.995331526 -0.663790166 1.217043161 -0.026159111 0.510836840 0.268724740 0.816179216
0.000000 1.007027149 -0.664182305 1.216465712 -0.027923668 0.514225900 0.269823730 0.813625932
0.000000 1.020340443 -0.664627016 1.215596318 -0.029168209 0.517654777 0.270668715 0.811123431
0.000000 1.042464018 -0.666558623 1.214514494 -0.029150056 0.523022771 0.272630244 0.807013214
0.000000 1.068014622 -0.669102907 1.211687565 -0.028152410 0.528601229 0.273952246 0.802955985
0.000000 1.109710455 -0.672076702 1.210800409 -0.027827380 0.534136415 0.275454402 0.798779488
0.000000 1.130355000 -0.672558963 1.209424257 -0.026975231 0.535250306 0.274590164 0.798360705
0.000000 1.154744267 -0.670620620 1.206868172 -0.026183516 0.536826074 0.274575263 0.797333360
0.000000 1.181047440 -0.669101954 1.203007698 -0.026901202 0.537444472 0.275048912 0.796729505
0.000000 1.236399174 -0.673485041 1.194165826 -0.025038105 0.539271533 0.272736043 0.796350658
0.000000 1.262108922 -0.673471272 1.191332817 -0.025392544 0.541104794 0.272607356 0.795139015
0.000000 1.283941388 -0.673011422 1.188524604 -0.025299354 0.540715516 0.272375137 0.795486271
0.000000 1.308808684 -0.671222329 1.185659647 -0.026126087 0.541909277 0.272908747 0.794463634
0.000000 1.389873266 -0.670430660 1.171637535 -0.028174467 0.551056743 0.274462283 0.787536144
0.000000 1.423809528 -0.671674609 1.166035771 -0.027285008 0.552603960 0.274075836 0.786617339
0.000000 1.446931720 -0.672377169 1.161453128 -0.027033759 0.551778972 0.273319066 0.787467957
0.000000 1.479845047 -0.669539034 1.155037642 -0.025977738 0.551454663 0.271901667 0.788221061
0.000000 1.514889956 -0.667527735 1.146729589 -0.026827551 0.551131070 0.273048490 0.788022518
0.000000 1.553492069 -0.668639719 1.135107279 -0.026272034 0.551339686 0.271811247 0.788322985
0.000000 1.586091280 -0.668709457 1.128390431 -0.026575875 0.551717520 0.272255778 0.787894845
0.000000 1.619272709 -0.665896595 1.123613954 -0.026835555 0.551623046 0.272751123 0.787780881
0.000000 1.669387817 -0.661847889 1.115122080 -0.028522389 0.554512680 0.275430769 0.784754753
0.000000 1.714846134 -0.662942350 1.108329654 -0.030376386 0.557966352 0.278001308 0.781323373
0.000000 1.756890297 -0.663769841 1.102145553 -0.028815962 0.556708753 0.276306123 0.782879353
0.000000 1.789689302 -0.662058651 1.098893285 -0.027447309 0.555275977 0.273994058 0.784756362
0.000000 1.852504849 -0.660758913 1.086469889 -0.027810883 0.555842400 0.273724794 0.784436464
0.000000 1.893867373 -0.662426949 1.080028534 -0.026821883 0.554458976 0.272219062 0.785972357
0.000000 1.935412645 -0.661176741 1.075975776 -0.028454758 0.553481042 0.272730201 0.786426842
0.000000 1.990734577 -0.659264088 1.071149588 -0.030006817 0.554751933 0.272851288 0.785431147
0.000000 2.045765162 -0.664799273 1.063297749 -0.029993551 0.556646347 0.273100048 0.784003556
0.000000 2.093957663 -0.664676905 1.055489421 -0.028782278 0.553941190 0.271155566 0.786635518
0.000000 2.132364273 -0.661098242 1.049659133 -0.032235939 0.550747395 0.271814853 0.788514316
0.000000 2.183787584 -0.664394259 1.035637379 -0.030730022 0.546171367 0.271392018 0.791895747
0.000000 2.232049942 -0.663163245 1.029981017 -0.032003231 0.545592248 0.271873146 0.792079508
0.000000 2.294874907 -0.661101580 1.023149610 -0.034286134 0.546457052 0.275476396 0.790140450
0.000000 2.354858160 -0.664041936 1.015919566 -0.032968819 0.546401083 0.274977416 0.790408969
0.000000 2.403336048 -0.661612988 1.009471536 -0.031714022 0.544625103 0.274829656 0.791736305
0.000000 2.458199739 -0.660551310 0.998897910 -0.032934282 0.544279754 0.276262969 0.791425169
0.000000 2.515578747 -0.659987569 0.990806222 -0.032747306 0.544531226 0.278655410 0.790420413
0.000000 2.567698717 -0.656458497 0.986518741 -0.031309921 0.547584057 0.279195100 0.788176000
0.000000 2.637432098 -0.662870049 0.978659630 -0.028591888 0.552658200 0.279744208 0.784534633
0.000000 2.695845842 -0.661959410 0.973055720 -0.024707409 0.553166330 0.277876675 0.784972072
0.000000 2.778032541 -0.664634824 0.959964514 -0.019718831 0.555676401 0.276090860 0.783969879
0.000000 2.828117371 -0.664638638 0.955344677 -0.017172370 0.556222975 0.274845600 0.784079731
0.000000 2.958233356 -0.670500636 0.933627605 -0.022192879 0.564136207 0.275722980 0.777968287
0.000000 3.019874096 -0.666408062 0.920049667 -0.019680215 0.560286343 0.272555381 0.781924307
0.000000 3.066705227 -0.666278958 0.907678843 -0.018847791 0.556113303 0.273267180 0.784670472
0.000000 3.119849205 -0.660648584 0.897834063 -0.019353347 0.553564370 0.276136667 0.785455585
0.000000 3.172324657 -0.656678557 0.890806198 -0.020579297 0.555385828 0.278891355 0.783161938
0.000000 3.221739769 -0.658140659 0.881137848 -0.020841558 0.556534767 0.280013472 0.781938136
0.000000 3.272992134 -0.655817866 0.871372700 -0.020263363 0.550838888 0.277379513 0.786909461
0.000000 3.330770016 -0.657876849 0.856684923 -0.017847458 0.545451880 0.275649339 0.791316092
0.000000 3.382199049 -0.656511664 0.843862772 -0.019313566 0.543631256 0.277404308 0.791921020
0.000000 3.445693731 -0.650831103 0.830945969 -0.021875732 0.547838151 0.279147118 0.788334787
0.000000 3.504418612 -0.650516987 0.819616795 -0.022288501 0.550469995 0.280249506 0.786095560
0.000000 3.554079533 -0.648407340 0.811863661 -0.021844028 0.547623575 0.278471708 0.788723528
0.000000 3.615272284 -0.647958994 0.798562288 -0.020743364 0.547225356 0.275121689 0.790203929
0.000000 3.666337967 -0.646227717 0.790812254 -0.020852769 0.547079802 0.275755018 0.790081024
0.000000 3.716781139 -0.641198635 0.781861305 -0.027387695 0.548433959 0.277987063 0.788158238
0.000000 3.776529074 -0.643457413 0.770730734 -0.029963823 0.552045107 0.279368699 0.785048723
0.000000 3.834818363 -0.646019340 0.762196541 -0.030267699 0.551841617 0.277152419 0.785965145
0.000000 3.882826328 -0.642940879 0.756551743 -0.029265419 0.549495757 0.273636550 0.788873255
0.000000 3.940641165 -0.646682858 0.745632410 -0.028164422 0.548586309 0.269070238 0.791113794
0.000000 4.108009815 -0.645504117 0.713772774 -0.028625278 0.554112196 0.272710413 0.785983026
0.000000 4.166488171 -0.643935084 0.703634739 -0.028389087 0.553290606 0.270752102 0.787246406
0.000000 4.229642391 -0.645978332 0.690387249 -0.027462671 0.550858378 0.268090636 0.789891243
0.000000 4.281795502 -0.646520853 0.683293819 -0.030611632 0.549784601 0.268821031 0.790275335
0.000000 4.351754189 -0.647809148 0.675446749 -0.035993796 0.556399345 0.270644158 0.784777641
0.000000 4.412281990 -0.651968837 0.668024063 -0.038093697 0.560193419 0.272662044 0.781273067
0.000000 4.469121933 -0.649875879 0.663112402 -0.038701586 0.559149384 0.272606730 0.782010078
0.000000 4.532929897 -0.650430918 0.653031349 -0.040572684 0.559283316 0.274678975 0.781093776
0.000000 4.589736462 -0.649343729 0.650081158 -0.043582413 0.558424532 0.277752906 0.780458808
0.000000 4.643815517 -0.650104165 0.645679951 -0.045856770 0.561971247 0.281572461 0.776403546
0.000000 4.700355053 -0.656837344 0.642835140 -0.044837158 0.565035641 0.282049268 0.774062395
0.000000 4.745067120 -0.657821894 0.641443968 -0.041753426 0.562216640 0.280542672 0.776830137
0.000000 4.809305191 -0.660467744 0.633366823 -0.039287288 0.560095906 0.281153440 0.778268516
0.000000 4.865289688 -0.662945151 0.627357483 -0.039719723 0.561034322 0.281244814 0.777537286
0.000000 4.930425167 -0.660870552 0.619951963 -0.038931329 0.564150333 0.283796966 0.774388850
0.000000 4.982830048 -0.664323568 0.612387419 -0.039825454 0.568616807 0.285925657 0.770282686
0.000000 5.025390625 -0.665966392 0.605142355 -0.039296057 0.568372309 0.286006570 0.770460188
0.000000 5.066791058 -0.661241174 0.599101782 -0.035659049 0.565562248 0.284031808 0.773429871
0.000000 5.116419792 -0.660295248 0.588580847 -0.036410861 0.561905265 0.283875018 0.776113212
0.000000 5.159948349 -0.660642266 0.578716755 -0.035841454 0.562183142 0.283548713 0.776057780
0.000000 5.205193996 -0.657209158 0.570525885 -0.035381328 0.562952757 0.283004671 0.775719523
0.000000 5.258072376 -0.656442523 0.558488607 -0.034085736 0.565690756 0.282063723 0.774126649
0.000000 5.317376137 -0.657572746 0.546106100 -0.034689844 0.568458915 0.283480465 0.771550357
0.000000 5.355751514 -0.657657266 0.543010235 -0.033398706 0.565499127 0.283160508 0.773896337
0.000000 5.396797180 -0.654495358 0.538452148 -0.033167243 0.562454164 0.283171773 0.776117921
0.000000 5.457376957 -0.656385303 0.522302628 -0.031335387 0.564408660 0.281852841 0.775254786
0.000000 5.497873306 -0.653356552 0.516144753 -0.033892561 0.564267218 0.284126848 0.774419606
0.000000 5.544217587 -0.649731159 0.508368969 -0.036757097 0.566370904 0.285425156 0.772272885
0.000000 5.606849194 -0.650426388 0.493099689 -0.038640752 0.570716262 0.288180083 0.767946661
0.000000 5.649743557 -0.650203228 0.489557266 -0.037688483 0.566406906 0.287816852 0.771313369
0.000000 5.688915730 -0.646159649 0.485865593 -0.037652545 0.563734710 0.286690354 0.773688614
0.000000 5.764020443 -0.647691011 0.461535931 -0.036404435 0.565327525 0.282990992 0.773948073
0.000000 5.812050819 -0.646160126 0.453957558 -0.036288805 0.563069105 0.281724960 0.776058853
0.000000 5.864922047 -0.642744064 0.446606636 -0.035910103 0.562446237 0.280601263 0.776934803
0.000000 5.923469543 -0.646571398 0.433148384 -0.035784524 0.564644754 0.279379845 0.775785267
0.000000 5.964879036 -0.646157742 0.428079128 -0.034308769 0.562408090 0.277709723 0.778072834
0.000000 6.015412807 -0.643156528 0.419920444 -0.032835461 0.558252394 0.276158243 0.781673014
0.000000 6.065588474 -0.645443439 0.407299995 -0.030681811 0.557740688 0.273203731 0.783162713
0.000000 6.108988762 -0.644549131 0.400702953 -0.030336972 0.556294143 0.273974866 0.783935130
0.000000 6.157697201 -0.641159058 0.394529819 -0.030963065 0.558453381 0.275204003 0.781942368
0.000000 6.211663246 -0.642890692 0.383350849 -0.029692965 0.562576354 0.276367784 0.778618753
0.000000 6.253625393 -0.645639658 0.377427578 -0.026804579 0.561338544 0.275415689 0.779953063
0.000000 6.297433853 -0.642855167 0.371543884 -0.024542036 0.559345722 0.274749190 0.781692326
0.000000 6.334756374 -0.641354799 0.365840912 -0.024682008 0.558217704 0.276485890 0.781881928
0.000000 6.381306648 -0.643850803 0.355856419 -0.022481028 0.557756543 0.276623994 0.782228529
0.000000 6.412707806 -0.643425465 0.352136612 -0.022518883 0.556687713 0.277966648 0.782512784
0.000000 6.446107864 -0.640423298 0.349048615 -0.022453321 0.557262778 0.279014885 0.781731904
0.000000 6.482018948 -0.638801336 0.346306324 -0.022421738 0.560136497 0.279717833 0.779424429
0.000000 6.526359558 -0.638651609 0.341610432 -0.022623857 0.562777400 0.279081702 0.777742445
0.000000 6.556171894 -0.639012098 0.338038921 -0.021679755 0.559954762 0.278203964 0.780117512
0.000000 6.583947659 -0.637685537 0.333149910 -0.021551572 0.555998266 0.278047383 0.783001363
0.000000 6.616162300 -0.635413647 0.328001022 -0.022043817 0.553112388 0.278067499 0.785021782
0.000000 6.649932384 -0.637544632 0.319234848 -0.018803814 0.550004840 0.275342256 0.788243473
0.000000 6.684703827 -0.636586905 0.316082478 -0.018339964 0.551287055 0.274837554 0.787534475
0.000000 6.706996441 -0.635613441 0.312444687 -0.019183328 0.550678849 0.275047064 0.787866771
0.000000 6.731749535 -0.632615805 0.310886860 -0.019904738 0.551002324 0.275432765 0.787487805
0.000000 6.759968281 -0.630952120 0.307207108 -0.020158866 0.552296817 0.275923640 0.786401927
0.000000 6.799265862 -0.633093834 0.300235271 -0.021876788 0.556243777 0.277126253 0.783144474
0.000000 6.822929382 -0.633576393 0.297958374 -0.022751022 0.556755781 0.278134644 0.782397926
0.000000 6.842503548 -0.633748055 0.297035694 -0.022530124 0.554654539 0.277730823 0.784038484
0.000000 6.863366127 -0.633761406 0.294982910 -0.022481214 0.553044140 0.276634604 0.785563529
0.000000 6.885206699 -0.631024837 0.291425705 -0.023966460 0.552246273 0.276763499 0.786035419
0.000000 6.920395374 -0.629826546 0.284965515 -0.027156683 0.552598238 0.278423667 0.785097420
0.000000 6.955857277 -0.628467083 0.272990227 -0.027820880 0.553018987 0.277182728 0.785216987
0.000000 6.984812260 -0.627332687 0.267608643 -0.030593734 0.551777244 0.278275281 0.785600901
0.000000 7.008936405 -0.626146078 0.265672684 -0.032426752 0.553530753 0.278394490 0.784250438
0.000000 7.046854019 -0.623811483 0.265906811 -0.031778440 0.556664050 0.279336244 0.781720221
0.000000 7.091480732 -0.624942541 0.257672310 -0.032202817 0.560796380 0.279940307 0.778526783
0.000000 7.143799305 -0.629395723 0.249725819 -0.030947510 0.558184385 0.277552694 0.781304657
0.000000 7.164843082 -0.627958536 0.250984192 -0.030718738 0.557865381 0.277565897 0.781536758
0.000000 7.186297894 -0.626359224 0.247751236 -0.031069590 0.557541251 0.278157204 0.781544089
0.000000 7.222189426 -0.627556086 0.239982128 -0.029974420 0.558773637 0.276818275 0.781181931
0.000000 7.260652542 -0.626550913 0.235908508 -0.028755680 0.563632190 0.277934581 0.777331471
0.000000 7.284343719 -0.626001358 0.232411385 -0.028861698 0.564994514 0.279859245 0.775646210
0.000000 7.310702324 -0.623368263 0.230785370 -0.028938379 0.569328547 0.282045037 0.771672308
0.000000 7.337008953 -0.620604277 0.227929115 -0.028007442 0.573350251 0.285360098 0.767499030
0.000000 7.365383148 -0.619865894 0.226009369 -0.026946558 0.578383625 0.288272053 0.762656868
0.000000 7.406023979 -0.617561817 0.215766430 -0.026318537 0.586401880 0.293013394 0.754707456
0.000000 7.437220097 -0.615608215 0.210032463 -0.024845541 0.591026485 0.295976400 0.749978960
0.000000 7.458147049 -0.614820957 0.207239151 -0.022340741 0.593456566 0.297786325 0.747417986
0.000000 7.480817318 -0.611933470 0.202669621 -0.019920347 0.597835898 0.300156146 0.743035555
0.000000 7.504131317 -0.607031584 0.197505474 -0.016826984 0.601769745 0.303734303 0.738468349
0.000000 7.533870697 -0.600204706 0.185694218 -0.016050238 0.607552469 0.310257405 0.731001198
0.000000 7.567562103 -0.593863010 0.169344902 -0.014585647 0.617366910 0.315744668 0.720382392
0.000000 7.595296383 -0.593173265 0.163395405 -0.012117899 0.627274930 0.321941644 0.709036589
0.000000 7.621553898 -0.584257603 0.155306816 -0.010419349 0.635293663 0.329315513 0.698458910
0.000000 7.646255970 -0.576413631 0.143226147 -0.008291353 0.644465327 0.336682141 0.686469853
0.000000 7.675016403 -0.566884041 0.137598038 -0.005853191 0.655214846 0.345776290 0.671638310
0.000000 7.697459221 -0.569766998 0.127427101 -0.002309709 0.668692589 0.354712129 0.653470933
0.000000 7.723464966 -0.556836128 0.117371559 0.001391744 0.677161396 0.364774674 0.639053941
0.000000 7.752782822 -0.548787117 0.104360580 0.003220001 0.695495665 0.373528838 0.613800943
0.000000 7.770350456 -0.544647694 0.096436501 0.005426472 0.705345035 0.379472375 0.598715007
0.000000 7.786520004 -0.542627811 0.089569092 0.007982399 0.715253949 0.385075688 0.583150685
0.000000 7.800067902 -0.537758350 0.085678101 0.011112079 0.724131286 0.389027178 0.569357753
0.000000 7.810542107 -0.531990528 0.080424309 0.013463386 0.730127871 0.392527491 0.559154928
0.000000 7.815106392 -0.526547432 0.070631981 0.014771505 0.733170569 0.393690199 0.554302037
0.000000 7.822628975 -0.521423817 0.070227623 0.015239101 0.736258566 0.395521909 0.548865795
0.000000 7.834175110 -0.511848450 0.059124947 0.017544659 0.742319345 0.398823828 0.538139284
0.000000 7.837877274 -0.509768486 0.054043770 0.018471122 0.745225132 0.400544882 0.532787085
0.000000 7.849667549 -0.498380661 0.044333458 0.018636344 0.750900269 0.404260159 0.521895766
0.000000 7.854683876 -0.493341446 0.038246155 0.020143945 0.753829658 0.405591518 0.516556501
0.000000 7.862735271 -0.486489773 0.026021004 0.021976938 0.759888351 0.408173144 0.505451560
0.000000 7.876129150 -0.470435143 0.016931534 0.023521673 0.765366375 0.411697268 0.494132072
0.000000 7.875288963 -0.479255199 -0.000467300 0.024080135 0.771182299 0.414370984 0.482695282
0.000000 7.891178131 -0.460813046 -0.009334564 0.024472438 0.775595129 0.418808848 0.471648663
0.000000 7.899358749 -0.452436447 -0.036092758 0.025109107 0.785314262 0.426519275 0.448031634
0.000000 7.903638840 -0.445192337 -0.040374756 0.024578789 0.787531137 0.428568035 0.442176461
0.000000 7.903549194 -0.444591045 -0.053779602 0.023405932 0.791781664 0.431802750 0.431370348
0.000000 7.910416603 -0.435281754 -0.063573837 0.023286503 0.796517432 0.435533822 0.418721884
0.000000 7.916269302 -0.432323456 -0.074649811 0.021501556 0.801863134 0.439301223 0.404434979
0.000000 7.924874783 -0.421947002 -0.086511612 0.021161947 0.804804146 0.443659276 0.393711716
0.000000 7.922907352 -0.423805714 -0.097838402 0.019057786 0.809244752 0.444476575 0.383666873
0.000000 7.935585022 -0.408770561 -0.108530998 0.019200861 0.810894251 0.448703170 0.375163019
0.000000 7.942436218 -0.403017998 -0.120721817 0.018688340 0.812791824 0.452395290 0.366549730
0.000000 7.949311256 -0.394747734 -0.133875370 0.018890476 0.814543962 0.455322981 0.358946085
0.000000 7.959185600 -0.384829521 -0.149590969 0.018524334 0.816087782 0.458650112 0.351137638
0.000000 7.967828751 -0.375578880 -0.165369511 0.018601667 0.817023039 0.462217510 0.344212532
0.000000 7.977018833 -0.363180637 -0.182661057 0.019491090 0.818169057 0.465038687 0.337577492
0.000000 7.985802650 -0.353194237 -0.201495171 0.020825593 0.819003463 0.468299627 0.330900460
0.000000 7.994106293 -0.343861103 -0.220123768 0.021506814 0.819729209 0.471330434 0.324698478
0.000000 7.998517036 -0.340342045 -0.230494976 0.022063183 0.819597065 0.473233640 0.322217137
0.000000 8.001398087 -0.342857838 -0.242068768 0.022496123 0.819828153 0.474752903 0.319351494
0.000000 8.008511543 -0.323020935 -0.244183064 0.022769269 0.820192456 0.475694299 0.316987127
0.000000 8.016803741 -0.311445236 -0.262856960 0.022221722 0.820437133 0.478127360 0.312703222
0.000000 8.022480011 -0.306224823 -0.272581577 0.022327581 0.820197880 0.479880840 0.310630560
0.000000 8.030384064 -0.293967247 -0.289207458 0.021868588 0.820720375 0.481091619 0.307393342
0.000000 8.038831711 -0.283333778 -0.305302143 0.022051718 0.820724368 0.483053088 0.304277807
0.000000 8.046313286 -0.273552895 -0.317679405 0.022096554 0.820393860 0.485865414 0.300666660
0.000000 8.049709320 -0.264906406 -0.332000732 0.022529099 0.820793152 0.486909688 0.297842324
0.000000 8.054098129 -0.254226685 -0.348565578 0.022523204 0.821612239 0.488177747 0.293476611
0.000000 8.057154655 -0.243002892 -0.364914894 0.021306667 0.822127402 0.489373624 0.290113747
0.000000 8.060930252 -0.237035275 -0.380668163 0.019408314 0.822292507 0.491000354 0.287013859
0.000000 8.072933197 -0.196023464 -0.383661747 0.019610312 0.822784483 0.491124749 0.285372734
0.000000 8.082735062 -0.192332268 -0.408151150 0.019861361 0.822766423 0.492597014 0.282858819
0.000000 8.092755318 -0.187503338 -0.428474426 0.019676326 0.823541224 0.493167400 0.279604435
0.000000 8.102682114 -0.181191921 -0.442257881 0.018116506 0.823501348 0.493743390 0.278809637
0.000000 8.113264084 -0.173498154 -0.454963684 0.018586915 0.822393596 0.496213168 0.277661324
0.000000 8.121392250 -0.162149906 -0.466426849 0.019064268 0.821663857 0.497515976 0.277457923
0.000000 8.130283356 -0.151526928 -0.486172199 0.020098576 0.820990384 0.498629689 0.277379245
0.000000 8.137735367 -0.133553505 -0.498608112 0.020137925 0.821310937 0.498450726 0.276748359
0.000000 8.145403862 -0.115353107 -0.514635563 0.020510018 0.821113229 0.499244153 0.275876373
0.000000 8.149351120 -0.100386143 -0.533085346 0.020322267 0.821832597 0.497788191 0.276378602
0.000000 8.147014618 -0.114324093 -0.551497459 0.020712402 0.822278738 0.495748609 0.278679103
0.000000 8.158653259 -0.064741611 -0.563135147 0.022125637 0.820971429 0.498015136 0.278383404
0.000000 8.166172028 -0.059166431 -0.585175037 0.022843210 0.821387947 0.497243315 0.278476447
0.000000 8.174591064 -0.049296856 -0.605461597 0.023474043 0.821615279 0.497629106 0.277060598
0.000000 8.183689117 -0.041802883 -0.623255730 0.023745162 0.820572734 0.499539226 0.276689500
0.000000 8.190553665 -0.032099724 -0.639193535 0.024079863 0.819492877 0.501562059 0.276201218
0.000000 8.196899414 -0.016259670 -0.653748512 0.023935108 0.819114685 0.503282547 0.274198741
0.000000 8.203226089 0.004578114 -0.670965195 0.023238469 0.818328738 0.505665421 0.272214055
0.000000 8.209969521 0.026323318 -0.689222336 0.023731580 0.817841470 0.507472277 0.270266682
0.000000 8.218412399 0.055903912 -0.722232342 0.023775710 0.817215800 0.509725034 0.267905653
0.000000 8.229741096 0.078748703 -0.762851238 0.023329575 0.816819191 0.512205064 0.264401674
0.000000 8.236656189 0.093668938 -0.793293476 0.024008863 0.817060292 0.511579037 0.264807314
0.000000 8.241184235 0.118851185 -0.824931145 0.026691746 0.816829741 0.510359108 0.267601013
0.000000 8.254600525 0.119716167 -0.848830700 0.029839769 0.817496359 0.508293033 0.269160777
0.000000 8.267173767 0.125092506 -0.869976997 0.031793386 0.817468703 0.508107007 0.269372404
0.000000 8.277016640 0.137878418 -0.888824940 0.032730572 0.817153513 0.508563101 0.269355625
0.000000 8.281621933 0.159887791 -0.925477028 0.034181248 0.817258477 0.507553756 0.270757049
0.000000 8.276860237 0.214612007 -0.966114044 0.033196252 0.818333983 0.506426454 0.269740075
0.000000 8.303619385 0.219383717 -1.005816460 0.033144377 0.816885650 0.510221541 0.266970545
0.000000 8.328109741 0.230262756 -1.044783115 0.032997511 0.816306412 0.512348950 0.264676362
0.000000 8.356185913 0.229368210 -1.086911678 0.032867778 0.816268682 0.513302445 0.262955785
0.000000 8.330385208 0.290751934 -1.113819122 0.032993224 0.816628933 0.513651788 0.261133045
0.000000 8.365458488 0.284726143 -1.172330856 0.034041818 0.818592966 0.511654377 0.258759558
0.000000 8.372385025 0.300642967 -1.204660892 0.034652572 0.818821371 0.511772692 0.257719874
0.000000 8.340171814 0.353920460 -1.211808205 0.034444876 0.818453670 0.512019217 0.258425087
0.000000 8.343488693 0.369982719 -1.230736256 0.034152485 0.818564534 0.511033297 0.260058939
0.000000 8.365698814 0.378582954 -1.271539688 0.037909117 0.817396224 0.510890305 0.263471812
0.000000 8.369854927 0.402489185 -1.303070545 0.038073838 0.815469742 0.512246311 0.266764581
0.000000 8.372392654 0.433672905 -1.356470585 0.039098762 0.815184295 0.511597395 0.268726528
0.000000 8.409198761 0.443670750 -1.397072315 0.036114410 0.814774096 0.514568865 0.264684469
0.000000 8.440848351 0.458966255 -1.437985420 0.033455499 0.814156532 0.517739177 0.260722071
0.000000 8.492455482 0.261491299 -1.362107277 0.062129136 0.802463531 0.537326634 0.251937240
0.000000 8.450271606 0.509572506 -1.503227711 0.033081438 0.813524842 0.519972920 0.258285046
0.000000 8.453072548 0.542609215 -1.548090935 0.030956276 0.813596129 0.520744443 0.256765068
0.000000 8.464007378 0.560241699 -1.584681034 0.029951522 0.814813554 0.522241890 0.249890372
0.000000 8.420444489 0.643332005 -1.665013790 0.032549236 0.816366196 0.518410444 0.252462626
0.000000 8.516790390 0.617423058 -1.692677975 0.033720452 0.816710055 0.517333031 0.253405094
0.000000 8.534398079 0.625408649 -1.715684891 0.033915035 0.816579819 0.516144514 0.256206930
0.000000 8.503701210 0.652937412 -1.734015942 0.034870740 0.814980090 0.517366529 0.258695513
0.000000 8.514581680 0.692086697 -1.805086136 0.033242255 0.814629436 0.519782484 0.255147040
0.000000 8.514878273 0.713288784 -1.836583138 0.030776452 0.814700902 0.522031367 0.250596225
0.000000 8.539668083 0.731206894 -1.873409748 0.029641690 0.814445376 0.523403585 0.248694092
0.000000 8.524299622 0.771214485 -1.917383671 0.028995275 0.814624727 0.524040222 0.246835560
0.000000 8.550485611 0.779333115 -1.933991909 0.028298371 0.814955890 0.524021208 0.245861456
0.000000 8.556667328 0.812456608 -1.975796223 0.026222862 0.815719128 0.524052382 0.243482605
0.000000 8.572653770 0.841125011 -2.034925938 0.025184417 0.817320168 0.523793101 0.238734990
0.000000 8.583442688 0.890872478 -2.120594501 0.026158804 0.819586039 0.518713415 0.241931513
0.000000 8.585433960 0.918620110 -2.161049843 0.026364271 0.820266187 0.516994476 0.243279740
0.000000 8.586313248 0.946116447 -2.214299679 0.027938606 0.817867935 0.517254531 0.250517845
0.000000 8.611391068 1.009278774 -2.329302788 0.027029727 0.819041669 0.513676524 0.254119247
0.000000 8.632794380 1.035803795 -2.368593216 0.026271632 0.819913626 0.512350738 0.254063308
0.000000 8.630979538 1.059162617 -2.401084900 0.025877126 0.820031106 0.512561321 0.253298730
0.000000 8.669246674 1.105087757 -2.491050720 0.023539377 0.821717560 0.512148738 0.248857021
0.000000 8.678315163 1.143525124 -2.557857513 0.025205627 0.822999358 0.506637752 0.255646110
0.000000 8.772638321 1.207850933 -2.706211090 0.025116736 0.822959185 0.506650448 0.255758941
0.000000 8.759764671 1.214388847 -2.720351219 0.026580758 0.818322539 0.510839760 0.262077063
0.000000 8.672466278 1.192425728 -2.640228271 0.024740167 0.818432570 0.510465503 0.262642384
0.000000 8.771780014 1.260614395 -2.790294647 0.025305407 0.819147229 0.511380255 0.258549243
0.000000 8.687094688 1.232513428 -2.700754166 0.024010075 0.818654537 0.509904742 0.263107330
0.000000 8.791395187 1.313438416 -2.855509758 0.023179745 0.820995748 0.512325764 0.250900477
0.000000 8.702939987 1.275460243 -2.762055397 0.020580152 0.818604946 0.512212396 0.259038359
0.000000 8.804218292 1.365351200 -2.929455757 0.020206079 0.822842836 0.513711214 0.242120117
0.000000 8.808998108 1.378528595 -2.955083847 0.019135421 0.823259413 0.513871610 0.240444764
0.000000 8.810593605 1.393242359 -2.978047371 0.018877860 0.823513448 0.513015449 0.241421610
0.000000 8.813613892 1.412761688 -3.001238823 0.018794434 0.824677706 0.512272596 0.239019379
0.000000 8.815181732 1.426857948 -3.023312569 0.018717131 0.824519157 0.512005627 0.240141794
0.000000 8.817583084 1.443655491 -3.043806076 0.019190997 0.824734569 0.512579858 0.238131538
0.000000 8.819136620 1.455406666 -3.061572075 0.019598328 0.823269606 0.513577878 0.240999684
0.000000 8.819620132 1.490123272 -3.097810745 0.017420115 0.822123289 0.515765667 0.240407199
0.000000 8.820022583 1.505722046 -3.118450165 0.017827861 0.821771026 0.517003000 0.238919407
0.000000 8.821884155 1.527029514 -3.141266823 0.016820488 0.821882725 0.518378317 0.235605255
0.000000 8.824579239 1.541771412 -3.171433449 0.015406634 0.820176125 0.519441843 0.239277944
0.000000 8.824947357 1.562418461 -3.190319061 0.016393980 0.821018994 0.520666003 0.233593628
0.000000 8.826991081 1.584650993 -3.210423470 0.016102111 0.821752250 0.520883501 0.230530649
0.000000 8.828726768 1.620563507 -3.252825737 0.013713793 0.821612060 0.521342695 0.230146408
0.000000 8.843433380 1.642652988 -3.292173386 0.012190836 0.821716428 0.524498940 0.222563192
0.000000 8.842127800 1.669284821 -3.337258339 0.011042265 0.822734237 0.525582373 0.216216490
0.000000 8.844518661 1.685887814 -3.365359306 0.012308045 0.823605299 0.525466084 0.213091910
0.000000 8.852314949 1.706297398 -3.400428772 0.013621046 0.825186491 0.523833096 0.210904390
0.000000 8.854766846 1.724997520 -3.435646057 0.014489407 0.826267004 0.519165754 0.218036518
0.000000 8.862396240 1.760892391 -3.479936600 0.017319208 0.828534424 0.517787635 0.212430611
0.000000 8.860368729 1.798467159 -3.523623466 0.019017953 0.828832686 0.516158342 0.215070367
0.000000 8.864948273 1.813685417 -3.553462029 0.021997081 0.829774737 0.515108168 0.213666931
0.000000 8.865102768 1.841031551 -3.594500542 0.021672638 0.830561221 0.514796078 0.211384371
0.000000 8.866954803 1.877622604 -3.645687103 0.022562124 0.831347048 0.514920413 0.207870185
0.000000 8.869862556 1.899248123 -3.671167374 0.023260500 0.832547665 0.514756858 0.203343913
0.000000 8.871028900 1.921600342 -3.697207451 0.022911869 0.833661139 0.513576210 0.201801017
0.000000 8.873937607 1.950000763 -3.740459442 0.022559637 0.834643841 0.513337791 0.198355958
0.000000 8.871316910 1.973030090 -3.776795387 0.022528119 0.836161673 0.513404310 0.191682428
0.000000 8.872900963 1.993843555 -3.812586784 0.023122465 0.838240147 0.512641072 0.184439525
0.000000 8.873546600 2.013209343 -3.839690208 0.023102442 0.839638531 0.512257636 0.179068372
0.000000 8.874378204 2.028599739 -3.866367340 0.024836551 0.840557814 0.512192905 0.174654350
0.000000 8.871189117 2.056675911 -3.907588959 0.025798649 0.841102362 0.511076033 0.175164223
0.000000 8.867300034 2.081257343 -3.936915398 0.026843620 0.842691600 0.509730279 0.171246395
0.000000 8.863910675 2.103850842 -3.963912010 0.028172124 0.843679726 0.509323180 0.167334303
0.000000 8.856633186 2.123127937 -4.004915237 0.030631922 0.840499878 0.511300981 0.176615208
0.000000 8.846467972 2.152531147 -4.037525177 0.031670373 0.842216849 0.510442495 0.170634881
0.000000 8.844904900 2.173882961 -4.068631172 0.032367598 0.843536198 0.509749293 0.165995851
0.000000 8.911853790 2.263087749 -4.237932205 0.031634208 0.843976796 0.509955227 0.163242400
0.000000 8.905307770 2.280807972 -4.269120216 0.032826491 0.844389260 0.509458721 0.162422314
0.000000 8.836359024 2.231782913 -4.155939102 0.032766484 0.845606863 0.508506536 0.159048766
0.000000 8.902923584 2.338844299 -4.352101326 0.033176497 0.846718311 0.507958114 0.154744834
0.000000 8.829219818 2.284574032 -4.231385231 0.033736568 0.847293019 0.508039534 0.151169464
0.000000 8.825648308 2.308402538 -4.265955925 0.034437925 0.848202527 0.508514822 0.144149736
0.000000 8.820571899 2.332613468 -4.300721169 0.034089841 0.849459529 0.508280635 0.137503535
0.000000 8.893753052 2.454148293 -4.535045624 0.034695115 0.849792242 0.508476377 0.134540588
0.000000 8.887960434 2.479444027 -4.576778412 0.035773240 0.850403130 0.507024646 0.135870546
0.000000 8.878375053 2.511277676 -4.624007225 0.035914008 0.851512074 0.505373299 0.135037690
0.000000 8.871841431 2.592587948 -4.752279282 0.038153335 0.848264694 0.508584976 0.142592520
0.000000 8.875946999 2.625248909 -4.804787636 0.037262488 0.849078059 0.508339643 0.138812318
0.000000 8.862272263 2.651088238 -4.845780373 0.037579965 0.849761784 0.506620407 0.140813619
0.000000 8.852700233 2.682025433 -4.889287949 0.037494630 0.850740731 0.504914284 0.141052991
0.000000 8.870746613 2.718482971 -4.939910889 0.036901493 0.851151288 0.504907370 0.138738722
0.000000 8.868378639 2.786719799 -5.055995941 0.034939047 0.851430833 0.507018745 0.129525349
0.000000 8.857357025 2.812633991 -5.103749275 0.035200331 0.851132214 0.507744551 0.128570557
0.000000 8.850145340 2.842328072 -5.147249222 0.035110369 0.851109862 0.507617772 0.129241958
0.000000 8.840298653 2.912645817 -5.260269165 0.035723556 0.847502410 0.511949599 0.135540113
0.000000 8.834766388 2.934172153 -5.304023743 0.035172317 0.847618699 0.512038946 0.134616241
0.000000 8.838276863 3.019437313 -5.421063423 0.032034606 0.847566545 0.514736593 0.125103682
0.000000 8.847773552 3.062722206 -5.492698669 0.029447097 0.847076833 0.517749608 0.116314583
0.000000 8.841703415 3.091998100 -5.541046143 0.028647067 0.847632706 0.517357647 0.114189230
0.000000 8.838081360 3.120239258 -5.586758614 0.028616473 0.847264469 0.517963588 0.114183076
0.000000 8.823623657 3.186641216 -5.699610710 0.029434104 0.844677150 0.520707846 0.120488584
0.000000 8.816493988 3.231136322 -5.775458336 0.027988354 0.846271694 0.518936038 0.117244370
0.000000 8.816867828 3.255198002 -5.815512657 0.027108649 0.846160710 0.519495249 0.115766324
0.000000 8.817209244 3.286800861 -5.857985497 0.025983911 0.846381605 0.519938231 0.112371132
0.000000 8.737571716 3.373722076 -6.036053658 0.023280535 0.846062422 0.521475911 0.108163275
0.000000 8.733802795 3.407680511 -6.096054077 0.021251664 0.845500112 0.523893952 0.101059899
0.000000 8.726761818 3.434685707 -6.138170242 0.020523025 0.846271694 0.523551166 0.096422061
0.000000 8.717031479 3.462918282 -6.183104515 0.021078987 0.846854270 0.521750450 0.100846604
0.000000 8.707105637 3.487659454 -6.219192505 0.023315126 0.848180473 0.520079017 0.097796254
0.000000 8.703035355 3.503674984 -6.245820045 0.024054043 0.845794797 0.521826863 0.108394369
0.000000 8.694623947 3.524496555 -6.295303345 0.026149029 0.845116198 0.521884501 0.112833485
0.000000 8.671377182 3.560919762 -6.342600822 0.028280543 0.848901629 0.517294407 0.104751088
0.000000 8.676334381 3.570028782 -6.377310753 0.027613733 0.845853746 0.519239187 0.118994094
0.000000 8.647741318 3.619009495 -6.428586960 0.028726533 0.850778580 0.514968097 0.100789011
0.000000 8.637945175 3.646777153 -6.462446213 0.029351339 0.851041615 0.515649974 0.094719440
0.000000 8.635018349 3.666166782 -6.500055313 0.028379947 0.848606706 0.519232690 0.097255684
0.000000 8.617731094 3.696076870 -6.545207977 0.028179498 0.851621747 0.516548991 0.084400579
0.000000 8.606987000 3.717441082 -6.576992989 0.029181555 0.852898657 0.514926612 0.081012554
0.000000 8.605779648 3.726936817 -6.608364105 0.031925760 0.852869213 0.513257742 0.090340137
0.000000 8.587017059 3.759746075 -6.652672768 0.033052783 0.855937123 0.508133888 0.089883976
0.000000 8.580051422 3.780791283 -6.683075905 0.035372823 0.855359256 0.508280754 0.093594879
0.000000 8.561491013 3.805182457 -6.740626335 0.036345456 0.856855690 0.505914688 0.092345119
0.000000 8.555496216 3.824860573 -6.773216248 0.036630694 0.857064545 0.505431890 0.092936210
0.000000 8.539884567 3.855995178 -6.826530457 0.038578574 0.858723760 0.502892613 0.090577826
0.000000 8.526470184 3.893683910 -6.876098633 0.039494567 0.860883594 0.500231028 0.084193259
0.000000 8.509481430 3.927690029 -6.936190605 0.039696578 0.862553835 0.498889834 0.074390791
0.000000 8.493656158 3.960102558 -7.000502586 0.038017970 0.865305185 0.495865375 0.062602893
0.000000 8.478038788 3.990044117 -7.051644325 0.038312379 0.867426634 0.492643684 0.058356106
0.000000 8.468545914 4.009696007 -7.085941315 0.039437950 0.868040800 0.491263330 0.060084809
0.000000 8.457262993 4.037155151 -7.125624657 0.039886273 0.867446780 0.492754102 0.056022681
0.000000 8.421325684 4.086064339 -7.206364632 0.038406067 0.869255960 0.490125537 0.051923160
0.000000 8.411077499 4.105486870 -7.246305466 0.038802177 0.868880153 0.491178274 0.047807358
0.000000 8.396810532 4.131738663 -7.285474777 0.037611216 0.868867457 0.491741806 0.042951737
0.000000 8.381242752 4.167782784 -7.337464333 0.035667811 0.868782222 0.492446542 0.037969317
0.000000 8.262697220 4.238340855 -7.527338028 0.035500694 0.868101776 0.494069666 0.032158665
0.000000 8.245773315 4.263438225 -7.574201584 0.034531325 0.868077576 0.494340569 0.029602082
0.000000 8.240570068 4.279675961 -7.601907730 0.033255413 0.867654800 0.495222628 0.028701572
0.000000 8.232080460 4.302361012 -7.642423630 0.032739669 0.868103743 0.494404674 0.029800741
0.000000 8.321069717 4.282753944 -7.544700623 0.032641724 0.869554639 0.491828889 0.030226141
0.000000 8.218194008 4.353688240 -7.715731621 0.032087125 0.870046258 0.490850210 0.032496233
0.000000 8.297418594 4.326157570 -7.618778229 0.033420891 0.868665636 0.493002266 0.035381559
0.000000 8.277849197 4.351242542 -7.662696838 0.031906586 0.870022535 0.491133839 0.028815327
0.000000 8.259502411 4.380458355 -7.712201118 0.031731464 0.868659616 0.493657112 0.026949042
0.000000 8.237924576 4.423042774 -7.770000458 0.030452283 0.867729723 0.495547175 0.023468500
0.000000 8.092834473 4.502602100 -7.982839584 0.029570581 0.867596149 0.496033520 0.018797712
0.000000 8.077314377 4.531975746 -8.049120903 0.029120946 0.867617130 0.496198088 0.013414193
0.000000 8.063747406 4.552020073 -8.087927818 0.029308682 0.866487026 0.498137504 0.014152640
0.000000 8.039016724 4.580193996 -8.138274193 0.030186292 0.866823554 0.497408301 0.017053202
0.000000 8.004964828 4.638704300 -8.215837479 0.031006100 0.867278397 0.496294260 0.023640353
0.000000 7.976357937 4.675117493 -8.308419228 0.032385625 0.867879629 0.495023012 0.026236547
0.000000 7.953887939 4.720279694 -8.383361816 0.031298328 0.867906690 0.495167762 0.023818128
0.000000 7.930486202 4.780203819 -8.474669456 0.031129843 0.867546380 0.496019274 0.018948331
0.000000 7.909356117 4.819651604 -8.549278259 0.029254628 0.866873980 0.497576207 0.009576074
0.000000 7.885015965 4.846134663 -8.611641884 0.029168993 0.867645383 0.496266127 0.007780934
0.000000 7.878666401 4.873327255 -8.660030365 0.029852852 0.869423270 0.493074626 0.009454599
0.000000 7.853841782 4.906641483 -8.711759567 0.030586740 0.870580435 0.490888685 0.013507214
0.000000 7.828529835 4.943614006 -8.795498848 0.032931183 0.868774891 0.493688613 0.020428164
0.000000 7.822185040 4.955027103 -8.827599525 0.033425752 0.868634045 0.493823498 0.022272378
0.000000 7.809593201 4.978209972 -8.867360115 0.033393331 0.869036317 0.493138164 0.021806158
0.000000 7.789816856 5.021789074 -8.932846069 0.032564048 0.870004356 0.491610318 0.018744124
0.000000 7.756114006 5.090297222 -9.069930077 0.030585110 0.870141923 0.491767615 0.009068148
0.000000 7.732984066 5.121471882 -9.122171402 0.031027008 0.872156322 0.488088399 0.012264809
0.000000 7.714918137 5.151756763 -9.174520493 0.030783517 0.872988760 0.486552626 0.014479378
0.000000 7.180225372 5.093652725 -9.306854248 0.032543920 0.871817052 0.488263547 0.021788381
0.000000 7.160856247 5.114728928 -9.360877991 0.033115137 0.873188317 0.485667467 0.023929304
0.000000 7.659035683 5.229223251 -9.325541496 0.032950941 0.874115825 0.483995944 0.024159675
0.000000 7.120832443 5.177581310 -9.460318565 0.031983804 0.874763548 0.483049393 0.020713616
0.000000 7.094723225 5.212644100 -9.518998146 0.031494595 0.874963403 0.483075172 0.009253100
0.000000 7.053065300 5.251450539 -9.600352287 0.029677300 0.877257228 0.479072660 -0.005328316
0.000000 7.026309490 5.278245926 -9.653553963 0.029319726 0.878608823 0.476627201 -0.003665114
0.000000 7.000609875 5.308265686 -9.706960678 0.029905230 0.879030108 0.475818962 -0.002857538
0.000000 6.971990585 5.329522610 -9.738866806 0.031364333 0.879588425 0.474634200 -0.007930521
0.000000 6.934161663 5.352417469 -9.788369179 0.033825357 0.878190339 0.476928562 -0.013294859
0.000000 6.914361477 5.372810364 -9.827608109 0.033775844 0.877650738 0.477900952 -0.014107270
0.000000 6.881628990 5.397270679 -9.874217033 0.034294181 0.878386021 0.476189911 -0.022474296
0.000000 6.843146324 5.431899071 -9.919492722 0.034172725 0.879586160 0.473428428 -0.032032043
0.000000 6.804423332 5.465641975 -9.970110893 0.034377720 0.880087376 0.471495539 -0.044230860
0.000000 6.763464928 5.491038322 -10.030235291 0.033570342 0.880771697 0.469015867 -0.056020666
0.000000 6.741460800 5.506155014 -10.064535141 0.034527253 0.881238997 0.467950135 -0.056994017
0.000000 6.706579208 5.530172348 -10.114545822 0.036043759 0.882101595 0.466200501 -0.057049848
0.000000 6.666172028 5.560015678 -10.157675743 0.038138214 0.882480621 0.464776993 -0.061284803
0.000000 6.634332657 5.578066349 -10.193322182 0.038954701 0.881813049 0.465408623 -0.065445378
0.000000 6.598561287 5.595953941 -10.230923653 0.038770705 0.882781088 0.462905288 -0.070093274
0.000000 6.562534332 5.619225502 -10.275167465 0.038799491 0.882195413 0.462916940 -0.077031001
0.000000 6.520915031 5.647832870 -10.321853638 0.038783267 0.881384909 0.462501407 -0.088028014
0.000000 6.473333359 5.680834770 -10.373600960 0.037109479 0.881103933 0.460856527 -0.099448770
0.000000 6.431179047 5.702738762 -10.432041168 0.035901811 0.881582916 0.458425611 -0.106623404
0.000000 6.394433022 5.723515511 -10.482029915 0.037262768 0.882464647 0.457308859 -0.103615694
0.000000 6.359759331 5.741537571 -10.528650284 0.038508266 0.883546233 0.455207407 -0.103195928
0.000000 6.119832993 5.725108147 -10.609463692 0.039586335 0.883843958 0.455255687 -0.099975161
0.000000 6.292735100 5.784502029 -10.605675697 0.039749034 0.884210885 0.453251928 -0.105611645
0.000000 6.232602119 5.801492214 -10.666705132 0.040042043 0.886163414 0.447897762 -0.111797608
0.000000 6.187572479 5.822271347 -10.712877274 0.041630190 0.886147976 0.445932031 -0.118967652
0.000000 6.145810127 5.854300499 -10.760333061 0.040099498 0.885838747 0.445199013 -0.124417029
0.000000 6.113354683 5.878090858 -10.798530579 0.039592646 0.884826839 0.446446836 -0.127275750
0.000000 6.066641808 5.897951126 -10.856882095 0.040292449 0.884679258 0.446156234 -0.129088044
0.000000 6.039079666 5.911954403 -10.890033722 0.040585045 0.884935141 0.445091963 -0.130903885
0.000000 6.001696587 5.930196762 -10.934024811 0.041846413 0.886863887 0.441634834 -0.129151151
0.000000 5.969151497 5.948022366 -10.972112656 0.042774696 0.888087273 0.439731658 -0.126914859
0.000000 5.931544304 5.973655224 -11.013413429 0.044990771 0.887686431 0.441400826 -0.123101279
0.000000 5.875562668 5.994761467 -11.069833755 0.044066764 0.890096843 0.437222123 -0.120923854
0.000000 5.834457397 6.012886047 -11.122249603 0.044957809 0.890007377 0.437206835 -0.121308893
0.000000 5.249373436 5.910510063 -11.191104889 0.045006711 0.890207410 0.436226487 -0.123335637
0.000000 5.210000038 5.944876194 -11.246899605 0.044865984 0.888643265 0.438163877 -0.127720803
0.000000 5.151752472 5.967359543 -11.312769890 0.045221601 0.888108492 0.437830627 -0.132373631
0.000000 5.112138748 5.985900402 -11.368520737 0.045417394 0.888577998 0.436680555 -0.132953078
0.000000 5.074511528 6.008470535 -11.420629501 0.045737278 0.889445603 0.434989452 -0.132584989
0.000000 5.032441139 6.039750099 -11.469983101 0.046304222 0.888346195 0.436970353 -0.133243710
0.000000 4.992686272 6.060178757 -11.527351379 0.045190684 0.888066888 0.437686414 -0.133137494
0.000000 4.941843987 6.088840485 -11.607353210 0.045873180 0.888000429 0.436948925 -0.135744706
0.000000 4.900287628 6.118520737 -11.661499977 0.046167232 0.886549234 0.439337045 -0.137411878
0.000000 4.851879120 6.155503750 -11.719413757 0.046546228 0.884707093 0.441595763 -0.141844973
0.000000 4.800020218 6.185642242 -11.791723251 0.046280745 0.882834554 0.443034023 -0.148936674
0.000000 4.758880615 6.209595680 -11.858933449 0.045286432 0.882910311 0.441585422 -0.153038695
0.000000 4.730417252 6.238563061 -11.922487259 0.044412054 0.883856058 0.439604044 -0.153539285
0.000000 4.645931244 6.276751995 -12.019064903 0.043911263 0.886577427 0.437645644 -0.143243045
0.000000 4.589303970 6.299338341 -12.093506813 0.043803461 0.886552572 0.437351882 -0.144323140
0.000000 4.518414497 6.343893051 -12.170106888 0.042504258 0.886590362 0.436861575 -0.145955145
0.000000 4.390789986 6.409334183 -12.343675613 0.041301180 0.884510577 0.437507778 -0.156595543
0.000000 4.337704659 6.438347816 -12.403059959 0.040786374 0.885579646 0.435773760 -0.155519769
0.000000 4.272332191 6.472655296 -12.463833809 0.041851468 0.885394752 0.437180221 -0.152309150
0.000000 4.197734833 6.499865532 -12.549707413 0.040712677 0.887255907 0.433518648 -0.152253255
0.000000 4.174532890 6.548701763 -12.631213188 0.042060073 0.885372519 0.436047941 -0.155591190
0.000000 4.119461060 6.589274883 -12.733340263 0.043589190 0.882486522 0.437812805 -0.166245297
0.000000 4.053467751 6.619518757 -12.853070259 0.045344792 0.879389703 0.438551545 -0.179694474
0.000000 4.011865616 6.646214485 -12.930385590 0.046854388 0.878254533 0.437932700 -0.186249003
0.000000 3.974877357 6.679018021 -12.986481667 0.047435530 0.877499163 0.437344670 -0.190983519
0.000000 3.924936295 6.705341339 -13.055163383 0.048658878 0.877927363 0.434808820 -0.194466397
0.000000 3.869449615 6.737586975 -13.130859375 0.048473414 0.877498448 0.431011856 -0.204635277
0.000000 3.826450348 6.765337467 -13.203849792 0.049513530 0.873352766 0.431782484 -0.219925493
0.000000 3.771256447 6.797466755 -13.269945145 0.050710607 0.867677987 0.432492882 -0.239819422
0.000000 3.600831985 6.785171032 -13.312505722 0.051223807 0.858744562 0.430516213 -0.273111165
0.000000 3.516717911 6.820233822 -13.399607658 0.050690837 0.845360935 0.427734971 -0.315971732
0.000000 3.447490692 6.845734596 -13.454933167 0.052313097 0.834288061 0.422377616 -0.350462466
0.000000 3.348505020 6.869412899 -13.492956161 0.058603805 0.818357646 0.413500845 -0.394808024
0.000000 3.281721115 6.886098862 -13.512288094 -0.063498467 -0.804007113 -0.407005519 0.428820461
0.000000 3.218955994 6.898468018 -13.535493851 -0.067720421 -0.784714341 -0.398872077 0.469615310
0.000000 3.145534515 6.916049480 -13.573040009 -0.071360126 -0.763919175 -0.388345003 0.510414898
0.000000 3.087171555 6.926161289 -13.574517250 -0.074032806 -0.750178695 -0.373891383 0.540329814
0.000000 3.009187698 6.939085007 -13.590102196 -0.078010060 -0.726533353 -0.362962544 0.578205764
0.000000 2.948637009 6.934650421 -13.581367493 -0.084189869 -0.709558249 -0.352910280 0.604064167
0.000000 2.894865036 6.931309700 -13.572854042 -0.087241136 -0.688564122 -0.348226219 0.630084872
0.000000 2.586146355 6.785771370 -13.425881386 -0.086074360 -0.675520897 -0.345457196 0.645695031
0.000000 2.561329842 6.782585144 -13.416113853 -0.085547939 -0.662988126 -0.343849540 0.659466386
0.000000 2.551954269 6.780723572 -13.410958290 -0.085469268 -0.657427549 -0.342929304 0.665494919
0.000000 2.540604591 6.778862953 -13.405443192 -0.085473590 -0.651386499 -0.342122197 0.671820164
0.000000 2.526612282 6.778847694 -13.399304390 -0.085645579 -0.646344721 -0.339319140 0.678060412
0.000000 2.506659508 6.774066448 -13.388114929 -0.086212017 -0.635121584 -0.337282002 0.689513505
0.000000 2.484498024 6.770008564 -13.376686096 -0.086299889 -0.624058843 -0.334490299 0.700870275
0.000000 2.459951401 6.764993668 -13.366549492 -0.086312145 -0.612677574 -0.331720591 0.712136149
0.000000 2.437767029 6.758620739 -13.354612350 -0.086544655 -0.602462709 -0.328763962 0.722123921
0.000000 2.414705276 6.753615856 -13.340349197 -0.086966433 -0.593297541 -0.325035065 0.731291413
0.000000 2.393714905 6.747784138 -13.327516556 -0.087394401 -0.586038888 -0.320870936 0.738892734
0.000000 2.373113632 6.742181778 -13.315535545 -0.087672114 -0.579153955 -0.317781091 0.745593369
0.000000 2.351916313 6.738014221 -13.302610397 -0.087561674 -0.573543072 -0.314954251 0.751122594
0.000000 2.329029083 6.734267235 -13.285826683 -0.087200142 -0.569790542 -0.312308371 0.755114794
0.000000 2.305420876 6.733638287 -13.272356033 -0.087234877 -0.566888154 -0.309547484 0.758424878
0.000000 2.286127090 6.731420517 -13.263725281 -0.088424265 -0.565718949 -0.308177859 0.759716809
0.000000 2.279507637 6.725428581 -13.256250381 -0.088462859 -0.565829635 -0.309360564 0.759149015
0.000000 2.266631126 6.720682144 -13.249570847 -0.087099105 -0.566638649 -0.309591442 0.758608937
0.000000 2.240288734 6.711836815 -13.236955643 -0.086598940 -0.565536261 -0.309483498 0.759532332
0.000000 2.225716591 6.707595825 -13.230209351 -0.085903198 -0.567147851 -0.310952634 0.757807672
0.000000 2.219991684 6.709702969 -13.229554176 -0.085322022 -0.567506611 -0.312089056 0.757137179
0.000000 2.208969116 6.708437920 -13.224445343 -0.084978178 -0.568222821 -0.312557817 0.756445169
0.000000 2.190814018 6.703357697 -13.214443207 -0.085041061 -0.569112360 -0.312778622 0.755677581
0.000000 2.174039841 6.704672337 -13.209450722 -0.083841763 -0.570302010 -0.313591957 0.754576981
0.000000 2.151002884 6.702283859 -13.201110840 -0.082828991 -0.570928633 -0.314870596 0.753681958
0.000000 2.121965408 6.692438126 -13.189861298 -0.081740536 -0.572074890 -0.314383358 0.753134727
0.000000 2.096325874 6.683898926 -13.177831650 -0.080917895 -0.574275374 -0.314083576 0.751672626
0.000000 2.064853668 6.672590733 -13.162481308 -0.078972764 -0.575826764 -0.315261483 0.750198007
0.000000 2.042436600 6.668299675 -13.151985168 -0.076827593 -0.577743113 -0.315634608 0.748789191
0.000000 2.026124954 6.670380592 -13.142238617 -0.075948641 -0.581751823 -0.314664960 0.746178687
0.000000 2.036075592 6.675651550 -13.145658493 -0.078112409 -0.585629642 -0.317782789 0.741586447
0.000000 1.987873077 6.663022518 -13.129447937 -0.078320041 -0.588781297 -0.319562346 0.738297105
0.000000 1.961963654 6.658858299 -13.118552208 -0.078681223 -0.591517806 -0.320705593 0.735570490
0.000000 1.939675331 6.658817291 -13.107618332 -0.078341283 -0.592210233 -0.321096897 0.734878540
0.000000 1.915259361 6.657992840 -13.096363068 -0.078293748 -0.592214584 -0.321422517 0.734737754
0.000000 1.875878334 6.648056984 -13.078973770 -0.076932006 -0.589405537 -0.322428554 0.736696959
0.000000 1.850831032 6.639719963 -13.068113327 -0.072800182 -0.590951741 -0.321193188 0.736417830
0.000000 1.823653221 6.634198189 -13.057929039 -0.070041388 -0.593087673 -0.320635080 0.735210419
0.000000 1.800707817 6.631651878 -13.046699524 -0.069734685 -0.593553424 -0.321119815 0.734651923
0.000000 1.773419380 6.629476070 -13.031124115 -0.071216673 -0.594603598 -0.323979974 0.732401431
0.000000 1.743279457 6.621119022 -13.017078400 -0.071794294 -0.596114397 -0.325339347 0.730511844
0.000000 1.711798668 6.614450455 -13.001315117 -0.071530282 -0.595120192 -0.326342523 0.730900764
0.000000 1.677720070 6.610565186 -12.982175827 -0.071880974 -0.592182457 -0.326281726 0.733275771
0.000000 1.643625259 6.608850479 -12.964221954 -0.072410882 -0.589030921 -0.326281667 0.735757768
0.000000 1.605971336 6.602712631 -12.947656631 -0.073185988 -0.586188257 -0.326825380 0.737707496
0.000000 1.555701256 6.590847969 -12.923467636 -0.072087944 -0.581375599 -0.325800896 0.742064357
0.000000 1.514310837 6.583200455 -12.901667595 -0.071140043 -0.582165062 -0.324244857 0.742218435
0.000000 1.473034859 6.580499172 -12.882908821 -0.070780516 -0.586340368 -0.322793275 0.739594221
0.000000 1.416046143 6.567806721 -12.859992981 -0.068187654 -0.588293612 -0.322925508 0.738227725
0.000000 1.371259689 6.561639786 -12.841471672 -0.067778833 -0.587552428 -0.322529256 0.739028454
0.000000 1.314826012 6.558020592 -12.818302155 -0.066875599 -0.586507678 -0.321934402 0.740199149
0.000000 1.252600670 6.546259880 -12.795180321 -0.066608407 -0.581943870 -0.321285069 0.744097114
0.000000 1.209282875 6.537993431 -12.777200699 -0.063860759 -0.583313644 -0.319258034 0.744137943
0.000000 1.165909767 6.535705566 -12.758701324 -0.061998174 -0.587387979 -0.318257749 0.741514385
0.000000 1.110270500 6.524674416 -12.738549232 -0.062588848 -0.590214193 -0.319582433 0.738645315
0.000000 1.066218376 6.518160820 -12.719108582 -0.063647255 -0.588993967 -0.320569366 0.739101171
0.000000 1.019449234 6.515070915 -12.695814133 -0.063678354 -0.584175766 -0.320622534 0.742889583
0.000000 0.962903976 6.502695084 -12.666580200 -0.065683477 -0.577600718 -0.321215302 0.747585356
0.000000 0.919104576 6.492937088 -12.646837234 -0.064443432 -0.575499594 -0.320423871 0.749650419
0.000000 0.851784706 6.486302376 -12.611978531 -0.062941104 -0.580095887 -0.317940772 0.747289002
0.000000 0.784932137 6.470285416 -12.582691193 -0.064156927 -0.579744220 -0.320139468 0.746519387
0.000000 0.730197906 6.463990688 -12.552263260 -0.062994972 -0.575246036 -0.319305509 0.750444949
0.000000 0.679970741 6.460345268 -12.522728920 -0.064432651 -0.570984185 -0.317278832 0.754426718
0.000000 0.604001045 6.434760571 -12.486531258 -0.062357947 -0.562472343 -0.318528384 0.760444701
0.000000 0.541048050 6.423904419 -12.456296921 -0.060206261 -0.568174899 -0.316498041 0.757219493
0.000000 0.476664543 6.411496162 -12.424501419 -0.060266372 -0.576538801 -0.313779622 0.752006173
0.000000 0.412279129 6.401341915 -12.394954681 -0.058063801 -0.576440036 -0.311196595 0.753327370
0.000000 0.334721565 6.389883518 -12.360287666 -0.059068337 -0.573262036 -0.308562368 0.756750166
0.000000 0.279058456 6.378530979 -12.336308479 -0.057823423 -0.574177742 -0.305339515 0.757459104
0.000000 0.212256432 6.369009495 -12.304558754 -0.061533101 -0.578451872 -0.305745572 0.753741860
0.000000 0.155206680 6.357171535 -12.271457672 -0.068610705 -0.573719800 -0.308174849 0.755755544
0.000000 0.098002434 6.352816582 -12.235599518 -0.071611598 -0.568434238 -0.306430817 0.760167420
0.000000 0.022554398 6.330640793 -12.191195488 -0.072127901 -0.565195262 -0.306334943 0.762568653
0.000000 -0.031021118 6.324910164 -12.159420013 -0.072675176 -0.571307957 -0.306549162 0.757860899
0.000000 -0.102423668 6.303411484 -12.118042946 -0.073457867 -0.573948741 -0.308062524 0.755171657
0.000000 -0.160720825 6.293419838 -12.081163406 -0.074865490 -0.570546448 -0.311396360 0.756243467
0.000000 -0.218628883 6.285241127 -12.051607132 -0.077040426 -0.564974725 -0.313385576 0.759379983
0.000000 -0.268169403 6.273195744 -12.028975487 -0.071350865 -0.570122123 -0.312783211 0.756331027
0.000000 -0.321189880 6.264127254 -12.001046181 -0.065483525 -0.574307323 -0.312244058 0.753914177
0.000000 -0.372457504 6.255024433 -11.978446007 -0.064595036 -0.578202844 -0.313693106 0.750403643
0.000000 -0.436402321 6.243426323 -11.948722839 -0.062334213 -0.577636778 -0.315611482 0.750226438
0.000000 -0.505688667 6.236557961 -11.915038109 -0.062129181 -0.573282778 -0.316458583 0.753220320
0.000000 -0.568298340 6.222985744 -11.891493797 -0.059584484 -0.571333110 -0.315586120 0.755270541
0.000000 -0.621812820 6.217578411 -11.865418434 -0.057429250 -0.573015690 -0.314482510 0.754622877
0.000000 -0.681127548 6.208309174 -11.841338158 -0.059880022 -0.577391386 -0.316505015 0.750238836
0.000000 -0.735435486 6.202624798 -11.819292068 -0.059437845 -0.576879561 -0.315337956 0.751158535
0.000000 -0.784603119 6.200741291 -11.794720650 -0.060057566 -0.573611021 -0.313361555 0.754432261
0.000000 -0.849018097 6.186528206 -11.762262344 -0.062126704 -0.567531049 -0.312473297 0.759216189
0.000000 -0.899791718 6.172581673 -11.739871979 -0.060309585 -0.569660604 -0.311372161 0.758219600
0.000000 -0.941889763 6.168771744 -11.722879410 -0.061549246 -0.579955161 -0.313414305 0.749423265
0.000000 -1.009297371 6.150889397 -11.683936119 -0.058615942 -0.579811275 -0.311576068 0.750535429
0.000000 -1.081643105 6.139155865 -11.634924889 -0.061030958 -0.575265765 -0.312721521 0.753359079
0.000000 -1.118844986 6.129445076 -11.618267059 -0.063124880 -0.574408948 -0.314401954 0.753140807
0.000000 -1.166552544 6.116562843 -11.590117455 -0.059606500 -0.577236831 -0.312924474 0.751879632
0.000000 -1.204449654 6.112127304 -11.569582939 -0.062841602 -0.580370903 -0.315986216 0.747912586
0.000000 -1.254743576 6.097928047 -11.540590286 -0.063305862 -0.580654621 -0.317351013 0.747074902
0.000000 -1.309127808 6.094389915 -11.509522438 -0.065041378 -0.578820467 -0.318914860 0.747682989
0.000000 -1.377543449 6.081457138 -11.471663475 -0.065742113 -0.574893773 -0.318852335 0.750671923
0.000000 -1.425664902 6.069814205 -11.449354172 -0.066533096 -0.575546563 -0.319063693 0.750011921
0.000000 -1.472454071 6.066467285 -11.424207687 -0.066522993 -0.578424096 -0.319574475 0.747577727
0.000000 -1.514170647 6.055923939 -11.405793190 -0.067272305 -0.581027448 -0.321660548 0.744591177
0.000000 -1.565221786 6.049504280 -11.382704735 -0.071393132 -0.578879058 -0.323952526 0.744887114
0.000000 -1.627524376 6.045847416 -11.347006798 -0.072936520 -0.572729051 -0.322663546 0.750033259
0.000000 -1.704475403 6.028944969 -11.312911034 -0.069119610 -0.568328917 -0.318664789 0.755431950
0.000000 -1.776300430 6.017453671 -11.277683258 -0.066326991 -0.569100022 -0.316830784 0.755873203
0.000000 -1.845711708 6.003444195 -11.247735023 -0.064980105 -0.570892990 -0.315191537 0.755323172
0.000000 -1.900910378 5.992516041 -11.220450401 -0.065635495 -0.569325686 -0.315825164 0.756184220
0.000000 -1.960792542 5.986289024 -11.186601639 -0.065380871 -0.565995276 -0.314276516 0.759345114
0.000000 -2.025009155 5.974076271 -11.158744812 -0.065705568 -0.563998163 -0.312922359 0.761359692
0.000000 -2.086486816 5.961569786 -11.124318123 -0.060030162 -0.572508752 -0.308743954 0.757170558
0.000000 -2.136494637 5.949291706 -11.099760056 -0.059431300 -0.579042554 -0.309221298 0.752037048
0.000000 -2.193167686 5.937522888 -11.072329521 -0.058823649 -0.582478166 -0.307826668 0.750001132
0.000000 -2.255593300 5.933027267 -11.038762093 -0.059125654 -0.581960380 -0.306266725 0.751017392
0.000000 -2.335759163 5.916025162 -10.999777794 -0.060657423 -0.582092762 -0.304393619 0.751553893
0.000000 -2.387719154 5.908016682 -10.970653534 -0.060526952 -0.585433125 -0.305107504 0.748674810
0.000000 -2.457299232 5.887836456 -10.936050415 -0.058598496 -0.585694492 -0.303945184 0.749096453
0.000000 -2.513261795 5.882133007 -10.908081055 -0.060367838 -0.586848974 -0.305154085 0.747559369
0.000000 -2.572696686 5.874663353 -10.878341675 -0.064508386 -0.581470668 -0.305206329 0.751385152
0.000000 -2.634304047 5.861502171 -10.852221489 -0.063536540 -0.578665614 -0.305039704 0.753697574
0.000000 -2.692375183 5.855713844 -10.823940277 -0.063583307 -0.581360936 -0.305798441 0.751308143
0.000000 -2.752133369 5.841074944 -10.799107552 -0.063836299 -0.584448755 -0.306412727 0.748635948
0.000000 -2.803633690 5.835366726 -10.773587227 -0.065619513 -0.580535650 -0.307046950 0.751262009
0.000000 -2.853921890 5.829237938 -10.745295525 -0.068800844 -0.573150396 -0.307483464 0.756451547
0.000000 -2.912278175 5.814181328 -10.717482567 -0.069317438 -0.569396138 -0.307626873 0.759176433
0.000000 -2.951278687 5.808639526 -10.698740959 -0.066640899 -0.570690572 -0.306277245 0.758989811
0.000000 -2.990305901 5.802349091 -10.677222252 -0.068542607 -0.572527409 -0.308561921 0.756507635
0.000000 -3.038198471 5.790445805 -10.654834747 -0.068003044 -0.575312197 -0.309558868 0.754032373
0.000000 -3.084878922 5.783899784 -10.627724648 -0.068596028 -0.573294222 -0.310175359 0.755261242
0.000000 -3.143495560 5.775340080 -10.593401909 -0.068679519 -0.566128552 -0.309438854 0.760939598
0.000000 -3.185210228 5.765446186 -10.573726654 -0.068069518 -0.565019310 -0.308835983 0.762063026
0.000000 -3.229300499 5.755045891 -10.554064751 -0.064944275 -0.569074571 -0.307225019 0.759966552
0.000000 -3.258296013 5.752580166 -10.540781975 -0.065129668 -0.574325979 -0.307588577 0.755841970
0.000000 -3.294090271 5.740846634 -10.527115822 -0.064148337 -0.577376962 -0.307500422 0.753634095
0.000000 -3.331057549 5.734722137 -10.508111954 -0.064746067 -0.576683700 -0.306905031 0.754356146
0.000000 -3.372162819 5.730422974 -10.485345840 -0.065229297 -0.573471367 -0.305599660 0.757287681
0.000000 -3.419266701 5.720454693 -10.459929466 -0.064895727 -0.569771767 -0.302301705 0.761421263
0.000000 -3.455799103 5.714214325 -10.445018768 -0.063999876 -0.568247020 -0.299947560 0.763564467
0.000000 -3.489673615 5.706964016 -10.427372932 -0.063717075 -0.568465412 -0.297778577 0.764274240
0.000000 -3.523917198 5.701812267 -10.405168533 -0.064619064 -0.568457305 -0.295806617 0.764970005
0.000000 -3.556535721 5.690754890 -10.382986069 -0.064946331 -0.567201793 -0.294379741 0.766423285
0.000000 -3.597393990 5.682174206 -10.353612900 -0.066017702 -0.558264852 -0.289321452 0.774774253
0.000000 -3.639177322 5.678269863 -10.322310448 -0.067897260 -0.543219209 -0.281071395 0.788227022
0.000000 -3.808315277 5.560297966 -10.141537666 -0.066844232 -0.514398634 -0.264549643 0.812981784
0.000000 -3.851280212 5.555895805 -10.112739563 -0.064616255 -0.485518873 -0.247981980 0.835823655
0.000000 -3.896479607 5.550502777 -10.080640793 -0.060479671 -0.446764857 -0.225651577 0.863611460
0.000000 -3.917295456 5.547475338 -10.061322212 -0.056829542 -0.424847543 -0.212733105 0.878077209
0.000000 -3.935062408 5.544010162 -10.040813446 -0.054014094 -0.402505815 -0.198789656 0.891938448
0.000000 -3.948482037 5.540037155 -10.019806862 -0.050898213 -0.381109327 -0.186487034 0.904094934
0.000000 -3.961763144 5.538000107 -9.998340607 -0.044310026 -0.352748871 -0.170720324 0.918944716
0.000000 -3.975074530 5.533274174 -9.974844933 -0.036710590 -0.324416131 -0.157501251 0.931987107
0.000000 -3.938819885 5.576606274 -10.020108223 -0.032925569 -0.309411287 -0.150488824 0.938367605
0.000000 -3.940190077 5.570523739 -10.007424355 -0.032216590 -0.295815587 -0.145234123 0.943590105
0.000000 -3.942787886 5.564148903 -9.993872643 -0.031434007 -0.283156991 -0.138618082 0.948482513
0.000000 -3.983284235 5.510335922 -9.919352531 -0.032517925 -0.269964844 -0.133211106 0.953056395
0.000000 -3.981702328 5.504153252 -9.908121109 -0.033143241 -0.258583009 -0.128299326 0.956857145
0.000000 -3.981878757 5.498543262 -9.894030571 -0.032976978 -0.247946203 -0.121969022 0.960499227
0.000000 -3.981055498 5.490589619 -9.883052826 -0.035512567 -0.235012218 -0.120048918 0.963896453
0.000000 -3.980514526 5.482841969 -9.871499062 -0.038242832 -0.221090078 -0.117471904 0.967397034
0.000000 -3.953111649 5.513296604 -9.909809113 -0.038212832 -0.211429685 -0.113193288 0.970064223
0.000000 -3.954024792 5.505870342 -9.896442413 -0.038269613 -0.200823024 -0.108449094 0.972853720
0.000000 -3.977820873 5.455164909 -9.810953140 -0.040938113 -0.164434031 -0.089887351 0.981430471
0.000000 -3.977127075 5.449057579 -9.799737930 -0.041203082 -0.153424993 -0.085516490 0.983590364
0.000000 -3.976857901 5.445796967 -9.782017708 -0.043183487 -0.134860113 -0.074623466 0.987106562
0.000000 -3.976257324 5.442303181 -9.764516830 -0.044868916 -0.116539799 -0.063396342 0.990144551
0.000000 -3.948585033 5.408641338 -9.686188698 -0.048207894 -0.063482419 -0.040805656 0.995982409
0.000000 -4.276713371 5.019099712 -9.178576469 -0.050678927 -0.046720400 -0.037702560 0.996908963
0.000000 -4.267521858 5.007004738 -9.159013748 -0.051463611 -0.040195506 -0.036522765 0.997197032
0.000000 -4.244129181 4.984229088 -9.122082710 -0.053842030 -0.027935671 -0.033143979 0.997608185
0.000000 -4.233628273 4.972399712 -9.100601196 -0.053377051 -0.022611756 -0.031916313 0.997808099
0.000000 -4.222903728 4.962313175 -9.082913399 -0.053510636 -0.018060572 -0.030729476 0.997930944
0.000000 -4.212902069 4.951966286 -9.063960075 -0.053667992 -0.014061887 -0.029342385 0.998028636
0.000000 -4.201956749 4.941154957 -9.043869972 -0.052894108 -0.010907997 -0.028475102 0.998134494
0.000000 -4.192445278 4.930816650 -9.021994591 -0.051922675 -0.006946986 -0.027573414 0.998246193
0.000000 -4.176983833 4.918106079 -8.991297722 -0.050577883 -0.002251733 -0.026257332 0.998372376
0.000000 -4.161570072 4.901296139 -8.954589844 -0.049416743 0.002254193 -0.025010362 0.998462498
0.000000 -4.145883560 4.879548550 -8.913691521 -0.049700055 0.007448031 -0.023874536 0.998451054
0.000000 -4.127531528 4.859309196 -8.882636070 -0.048990391 0.012732583 -0.022617495 0.998461962
0.000000 -4.117072582 4.845050812 -8.858338356 -0.049653478 0.015768541 -0.021742545 0.998405278
0.000000 -4.105779648 4.832057953 -8.835593224 -0.050242700 0.017441025 -0.021567835 0.998351812
0.000000 -4.091346264 4.815055370 -8.802687645 -0.049554598 0.018247450 -0.021716973 0.998368561
0.000000 -4.074539661 4.800380230 -8.767163277 -0.047708169 0.019214945 -0.022740366 0.998417556
0.000000 -4.033618927 4.742338657 -8.673383713 -0.046021827 0.013181953 -0.026449481 0.998503208
0.000000 -4.018065453 4.721439838 -8.630255699 -0.051347665 0.014273508 -0.025869641 0.998243690
0.000000 -4.000597477 4.703563213 -8.581934929 -0.051656421 0.015640980 -0.025541287 0.998215735
0.000000 -3.982108831 4.680740833 -8.531507492 -0.052213132 0.018595226 -0.025048543 0.998148561
0.000000 -3.963993311 4.652901649 -8.491569519 -0.050210949 0.023336230 -0.024573419 0.998163521
0.000000 -3.948514223 4.626926422 -8.449632645 -0.050041635 0.024932388 -0.023141077 0.998167694
0.000000 -3.929272890 4.602072239 -8.407896042 -0.047409605 0.024611982 -0.023615867 0.998292983
0.000000 -3.905535936 4.577955723 -8.357836723 -0.044481847 0.025120296 -0.023907389 0.998408139
0.000000 -3.883480787 4.550440788 -8.311571121 -0.047284223 0.024067219 -0.023331191 0.998318911
0.000000 -3.862561703 4.521601200 -8.265016556 -0.045096066 0.023470297 -0.022807151 0.998446465
0.000000 -3.845332623 4.499490261 -8.224912643 -0.046790820 0.021161210 -0.023231704 0.998410285
0.000000 -3.825808048 4.478463650 -8.177388191 -0.046423048 0.021516807 -0.023486529 0.998413920
0.000000 -3.803896189 4.452070236 -8.127058029 -0.046475973 0.023841808 -0.021809805 0.998396695
0.000000 -3.782592058 4.422485352 -8.083535194 -0.045372680 0.025334034 -0.021343719 0.998420715
0.000000 -3.761526108 4.397539616 -8.041755676 -0.044429418 0.023632450 -0.021009799 0.998511970
0.000000 -3.738631487 4.376466274 -7.995098591 -0.041706134 0.022135187 -0.022593589 0.998629153
0.000000 -3.718710661 4.356548309 -7.948536396 -0.043916386 0.017436365 -0.023306878 0.998611093
0.000000 -3.693786383 4.321387768 -7.892040730 -0.044514507 0.014125009 -0.024221882 0.998615205
0.000000 -3.674655676 4.301245689 -7.852589130 -0.047836911 0.013575044 -0.024221372 0.998469174
0.000000 -3.655645370 4.286633492 -7.811873913 -0.051046990 0.014680062 -0.023574470 0.998310030
0.000000 -3.632091045 4.262467861 -7.763894558 -0.054218367 0.016962359 -0.022820083 0.998124182
0.000000 -3.608886480 4.233048916 -7.717604160 -0.053362325 0.018734042 -0.022850538 0.998137951
0.000000 -3.588331938 4.203473091 -7.665971756 -0.050802819 0.014667667 -0.026105039 0.998259723
0.000000 -3.562316418 4.177267075 -7.606844425 -0.050236531 0.011408217 -0.028010117 0.998279333
0.000000 -3.537167311 4.139992714 -7.551582813 -0.052372716 0.008411182 -0.030136224 0.998137355
0.000000 -3.508340359 4.103372574 -7.490758419 -0.051702868 0.011021345 -0.030862803 0.998124659
0.000000 -3.487766981 4.080535889 -7.440040112 -0.050630737 0.012634065 -0.031811286 0.998130739
0.000000 -3.465461493 4.058521748 -7.388436317 -0.052402265 0.015497683 -0.031053359 0.998022795
0.000000 -3.441360712 4.026757240 -7.336475849 -0.053716887 0.020491844 -0.029583931 0.997907519
0.000000 -3.421693087 4.000918388 -7.293171406 -0.053347331 0.021077443 -0.029164072 0.997927487
0.000000 -3.400400400 3.974774599 -7.245118141 -0.049226653 0.021232516 -0.029642992 0.998121858
0.000000 -3.379297972 3.948721409 -7.192659855 -0.045392182 0.019444682 -0.031077348 0.998296380
0.000000 -3.356227398 3.913664818 -7.142005444 -0.041599084 0.018911671 -0.032153387 0.998437822
0.000000 -3.329876423 3.881184340 -7.083773613 -0.043688498 0.020855958 -0.030986009 0.998346746
0.000000 -3.303236008 3.858423233 -7.031420231 -0.044160184 0.026302883 -0.029909335 0.998230159
0.000000 -3.285934448 3.840094328 -6.989610195 -0.044238541 0.029454092 -0.029228246 0.998158872
0.000000 -3.253760576 3.799880505 -6.925693512 -0.043674286 0.034383032 -0.027130488 0.998085320
0.000000 -3.229696751 3.770792484 -6.879363537 -0.042532094 0.036478296 -0.025880678 0.998093486
0.000000 -3.206591129 3.744009256 -6.832496643 -0.039308582 0.037003748 -0.025347723 0.998219967
0.000000 -3.182935715 3.722122908 -6.784984112 -0.038490724 0.034665614 -0.026048303 0.998317719
0.000000 -3.158650875 3.692828655 -6.742145538 -0.038038101 0.031275645 -0.026937174 0.998423398
0.000000 -3.139794588 3.665677547 -6.694536686 -0.040049687 0.029154189 -0.025812892 0.998438656
0.000000 -3.114562035 3.643345356 -6.648387432 -0.042421304 0.030705454 -0.025250163 0.998308599
0.000000 -3.091307402 3.622269392 -6.597379684 -0.042239822 0.032794546 -0.024014324 0.998280346
0.000000 -3.065852880 3.588753223 -6.542338371 -0.044095907 0.037600785 -0.021684160 0.998083949
0.000000 -3.046076536 3.559597731 -6.498264313 -0.041945014 0.036660638 -0.021289147 0.998220146
0.000000 -3.028412342 3.530796289 -6.451849461 -0.036595237 0.033871401 -0.022348532 0.998505950
0.000000 -3.007264376 3.505239487 -6.396759987 -0.035158608 0.027647404 -0.024424246 0.998700678
0.000000 -2.985409021 3.460702419 -6.335066795 -0.035063349 0.020191727 -0.025428373 0.998857498
0.000000 -2.964008331 3.435210466 -6.284160137 -0.037690956 0.017778140 -0.024566138 0.998829246
0.000000 -2.937203646 3.408241510 -6.217429161 -0.038598701 0.021179069 -0.022272732 0.998782039
0.000000 -2.909458876 3.369571209 -6.153099537 -0.037373405 0.023436913 -0.019539485 0.998835385
0.000000 -2.891525030 3.339427948 -6.107486248 -0.036756556 0.023230856 -0.019057112 0.998872459
0.000000 -2.875236034 3.317289829 -6.067178249 -0.035122555 0.018460965 -0.019458037 0.999023020
0.000000 -2.849946260 3.289626837 -6.007592678 -0.037050109 0.015387335 -0.018949416 0.999015272
0.000000 -2.818779945 3.248423338 -5.943195343 -0.034698058 0.017438246 -0.018731302 0.999070108
0.000000 -2.796573400 3.219073534 -5.886490822 -0.037927307 0.016998606 -0.017085405 0.998989820
0.000000 -2.767190218 3.194021225 -5.822248936 -0.040783551 0.020311045 -0.014153996 0.998861253
0.000000 -2.738451719 3.157424688 -5.760651112 -0.043399192 0.024398882 -0.011602936 0.998692453
0.000000 -2.717532158 3.120288134 -5.705188274 -0.041029572 0.022736924 -0.012008468 0.998827040
0.000000 -2.697758675 3.097383499 -5.656777382 -0.038678549 0.021124609 -0.012876537 0.998945415
0.000000 -2.674337864 3.071878195 -5.604459286 -0.041770317 0.021218637 -0.012351588 0.998825550
0.000000 -2.641053677 3.030830860 -5.543041706 -0.042868339 0.024167098 -0.012479365 0.998710454
0.000000 -2.615704775 3.002180099 -5.487260342 -0.044869732 0.023429556 -0.012236121 0.998643100
0.000000 -2.588343143 2.979147196 -5.431729794 -0.045276999 0.027919326 -0.011216126 0.998521268
0.000000 -2.555709839 2.939914465 -5.366132736 -0.044915982 0.033021055 -0.009136400 0.998403072
0.000000 -2.533367634 2.908909798 -5.324584961 -0.043061465 0.032181118 -0.009106895 0.998512506
0.000000 -2.507657528 2.880053520 -5.277295113 -0.039214727 0.032066606 -0.009793296 0.998668134
0.000000 -2.483412266 2.856149435 -5.229154587 -0.039535500 0.030619930 -0.010388233 0.998694897
0.000000 -2.464149952 2.832291365 -5.189486980 -0.041621372 0.025889019 -0.011800644 0.998728275
0.000000 -2.439373255 2.798448801 -5.135096550 -0.041786205 0.024048217 -0.011734172 0.998768210
0.000000 -2.417358637 2.775601149 -5.085889816 -0.041094061 0.024069803 -0.011787255 0.998795807
0.000000 -2.394628286 2.753669024 -5.035495281 -0.041150365 0.025855415 -0.010437626 0.998763859
0.000000 -2.375940561 2.729774237 -4.996744633 -0.040097341 0.027992304 -0.009780517 0.998755753
0.000000 -2.355807543 2.701348543 -4.952275753 -0.038293649 0.027674424 -0.009479466 0.998838246
0.000000 -2.335748672 2.675083637 -4.908757687 -0.033765808 0.025479658 -0.010560999 0.999049127
0.000000 -2.314171314 2.651464939 -4.861549377 -0.029830638 0.023116639 -0.011838434 0.999217510
0.000000 -2.290821314 2.624553204 -4.815162659 -0.028971652 0.018141579 -0.012903410 0.999332309
0.000000 -2.267786741 2.589009523 -4.764268875 -0.026942367 0.013894095 -0.015692638 0.999417245
0.000000 -2.240060091 2.562675238 -4.710888386 -0.026637297 0.011866416 -0.016710375 0.999435067
0.000000 -2.215055227 2.540646553 -4.660743713 -0.026329273 0.012228314 -0.016397608 0.999444008
0.000000 -2.189005375 2.509341717 -4.610853672 -0.024486098 0.014815084 -0.015533651 0.999469697
0.000000 -2.163623095 2.475941896 -4.558451176 -0.023781203 0.013443236 -0.015027336 0.999513865
0.000000 -2.138289690 2.447981596 -4.501323700 -0.020520246 0.010519252 -0.017558303 0.999579906
0.000000 -2.116935015 2.423388958 -4.456284523 -0.020960711 0.006458773 -0.019133672 0.999576330
0.000000 -2.085099697 2.385953188 -4.400072575 -0.018402187 0.005582220 -0.020323381 0.999608517
0.000000 -2.065403700 2.359012842 -4.351817131 -0.019842187 0.005320730 -0.020400645 0.999580801
0.000000 -2.043637753 2.335981607 -4.299444675 -0.020438928 0.006723036 -0.019549623 0.999577343
0.000000 -2.013893604 2.300980091 -4.240742207 -0.020887483 0.011882822 -0.017466405 0.999558628
0.000000 -2.052969456 2.418289185 -4.441488743 -0.019728743 0.012656195 -0.015534145 0.999604583
0.000000 -2.028777838 2.392394543 -4.393328190 -0.019139739 0.012216752 -0.016121378 0.999612212
0.000000 -2.003353119 2.365386009 -4.338487148 -0.019826559 0.004745978 -0.018311026 0.999624491
0.000000 -1.965116143 2.318071127 -4.266954899 -0.018231347 0.003560150 -0.018963184 0.999647617
0.000000 -1.934479117 2.289803267 -4.209280968 -0.021663729 0.004445125 -0.017514845 0.999602020
0.000000 -1.900333762 2.260234594 -4.141955853 -0.024399661 0.007421666 -0.015700052 0.999551475
0.000000 -1.859527588 2.211877823 -4.068263531 -0.023355400 0.010013163 -0.014149562 0.999576926
0.000000 -1.827754378 2.175710678 -4.010064602 -0.021548899 0.009714650 -0.014047731 0.999621928
0.000000 -1.797106981 2.147654295 -3.953737736 -0.021687239 0.006312322 -0.014901459 0.999633849
0.000000 -1.763888836 2.109479666 -3.896365643 -0.023363683 0.005998595 -0.014962564 0.999597073
0.000000 -1.728818297 2.068905830 -3.823676586 -0.024325218 0.008616854 -0.014197223 0.999566138
0.000000 -1.701125622 2.038802385 -3.757711172 -0.023049429 0.012327841 -0.013259738 0.999570370
0.000000 -1.671899438 1.993679047 -3.684269190 -0.023473106 0.016977042 -0.011520412 0.999513924
0.000000 -1.648919225 1.958826065 -3.631030083 -0.020583475 0.016620537 -0.012231925 0.999575138
0.000000 -1.621525526 1.934648037 -3.576645136 -0.018307373 0.014814158 -0.012677056 0.999642313
0.000000 -1.597435832 1.901850581 -3.520298243 -0.018203307 0.010756468 -0.012497460 0.999698341
0.000000 -1.569628596 1.860227823 -3.454764843 -0.019487061 0.012216384 -0.013536661 0.999643862
0.000000 -1.517931104 1.778160095 -3.306266546 -0.022088461 0.021995034 -0.008476456 0.999478102
0.000000 -1.494781375 1.743195176 -3.250809669 -0.019985776 0.022518124 -0.007527228 0.999518335
0.000000 -1.471737623 1.716396809 -3.191237688 -0.019313810 0.022309890 -0.007241583 0.999538302
0.000000 -1.453324199 1.671082020 -3.129441977 -0.021120626 0.019495791 -0.005344690 0.999572575
0.000000 -1.420079350 1.633672833 -3.055329800 -0.022580823 0.017710377 -0.005998153 0.999570191
0.000000 -1.394108295 1.601812005 -2.984252214 -0.023696933 0.021449666 -0.003462631 0.999483109
0.000000 -1.364746213 1.558333516 -2.914370298 -0.022408409 0.024865480 -0.002061743 0.999437511
0.000000 -1.335849047 1.519224167 -2.849994898 -0.017429255 0.023796417 -0.003098547 0.999560118
0.000000 -1.319706559 1.484362721 -2.791038513 -0.020881128 0.021798586 0.000763123 0.999544024
0.000000 -1.288166761 1.440685749 -2.718824625 -0.019509917 0.018012598 -0.000505089 0.999647319
0.000000 -1.267260075 1.415977359 -2.658890486 -0.018479843 0.016728964 0.001231559 0.999688506
0.000000 -1.238183975 1.374610186 -2.593317747 -0.020259600 0.024855128 -0.001534702 0.999484599
0.000000 -1.213962317 1.338288069 -2.541155100 -0.017813647 0.024174526 -0.004754301 0.999537706
0.000000 -1.185111761 1.302270412 -2.474355221 -0.014745626 0.021026824 -0.008843936 0.999631047
0.000000 -1.145721912 1.253379345 -2.396307230 -0.013347558 0.017394727 -0.009836650 0.999711275
0.000000 -1.108293056 1.212249398 -2.321125746 -0.014853098 0.019846318 -0.010824493 0.999634147
0.000000 -1.071136236 1.162293196 -2.239343643 -0.013803660 0.022891918 -0.009540542 0.999597132
0.000000 -1.040403724 1.124996305 -2.173475266 -0.011447224 0.020778431 -0.010653496 0.999661803
0.000000 -1.007106781 1.090997696 -2.108675003 -0.010882539 0.013159960 -0.011037313 0.999793231
0.000000 -0.981174648 1.060507774 -2.058510542 -0.010169699 0.010443167 -0.011569675 0.999826789
0.000000 -0.948760867 1.025126934 -1.982811689 -0.013680450 0.010646812 -0.010691596 0.999792576
0.000000 -0.917286634 0.976876378 -1.905377626 -0.014851384 0.012899946 -0.007705492 0.999776781
0.000000 -0.889642417 0.943042278 -1.842838287 -0.013028450 0.010826183 -0.008819056 0.999817610
0.000000 -0.802055538 0.835170209 -1.656180501 -0.014689482 0.014014295 -0.007556128 0.999765337
0.000000 -0.764467597 0.780814946 -1.567224026 -0.015565672 0.019076155 -0.005564441 0.999681413
0.000000 -0.734499931 0.740692675 -1.491620421 -0.013631077 0.016547397 -0.006953293 0.999746025
0.000000 -0.704201460 0.699055672 -1.423728228 -0.011354612 0.013120576 -0.007471684 0.999821544
0.000000 -0.671795011 0.660852790 -1.349930763 -0.015050602 0.015605360 -0.006248647 0.999745429
0.000000 -0.630942523 0.609537303 -1.259953141 -0.016372491 0.024561238 -0.002898612 0.999560058
0.000000 -0.594019711 0.564736307 -1.182725787 -0.015112131 0.026573468 -0.002275331 0.999530077
0.000000 -0.560470283 0.531539679 -1.117033839 -0.017971914 0.022457423 -0.001713159 0.999584794
0.000000 -0.529761255 0.493494540 -1.051370144 -0.017424304 0.021345504 -0.001702349 0.999618888
0.000000 -0.491706789 0.453869075 -0.968816757 -0.017290354 0.025614038 -0.000293353 0.999522328
0.000000 -0.457895398 0.409319699 -0.893208265 -0.020273414 0.029559508 0.002813871 0.999353468
0.000000 -0.432423949 0.374953806 -0.829373598 -0.017236983 0.026129313 0.001292938 0.999509156
0.000000 -0.406583488 0.342294395 -0.773108244 -0.019203275 0.022558996 0.001416117 0.999560058
0.000000 -0.382847697 0.311347336 -0.718625247 -0.020575620 0.022735970 0.002462443 0.999526739
0.000000 -0.355092019 0.283373028 -0.656798184 -0.019091932 0.026254650 0.003113263 0.999468088
0.000000 -0.317485929 0.240874425 -0.583653688 -0.019245118 0.032046780 0.006039809 0.999282837
0.000000 -0.292150736 0.208506867 -0.529265702 -0.015881477 0.031132486 0.006206303 0.999369800
0.000000 -0.265861899 0.181902096 -0.474839479 -0.015427331 0.025417913 0.004934493 0.999545693
0.000000 -0.232807353 0.146049261 -0.419420898 -0.015332518 0.023419322 0.005087656 0.999595225
0.000000 -0.199127242 0.114085399 -0.352900207 -0.017469268 0.019810760 0.005071142 0.999638319
0.000000 -0.169682965 0.084944673 -0.294112593 -0.016748315 0.021479901 0.006761165 0.999606133
0.000000 -0.141314268 0.048400838 -0.239323750 -0.014680627 0.021910410 0.007817151 0.999621630
0.000000 0.039695971 0.024277616 -0.020072704 -0.009487006 0.008610114 -0.002080316 0.999915779
0.000000 0.065936238 -0.004805015 0.036596321 -0.010469718 0.010012173 -0.000217670 0.999895036
0.000000 0.082422465 -0.032956112 0.080950812 -0.009253546 0.012825449 0.001688293 0.999873519
0.000000 0.095334254 -0.047097914 0.102417797 -0.010592497 0.011644494 0.001843711 0.999874413
0.000000 0.113434076 -0.052495677 0.116299257 -0.014465395 0.011460574 0.003450058 0.999823749
0.000000 0.116571151 -0.054466069 0.119659737 -0.014415640 0.011820564 0.005035803 0.999813557
0.000000 0.115194365 -0.053276185 0.117887028 -0.014391654 0.010313582 0.006203143 0.999823987
